5
0
10
0.2
15
0.8
20
1.6
25
2.2
30
2.8
35
5.2
40
3.4
45
5.8
50
7.8
55
6.4
60
10
65
10
70
12.6
75
11.2
80
12
85
14
90
12.4
95
15.8
100
19.4
105
17
110
18.4
115
22
120
22.4
125
34.8
130
25.8
135
33.2
140
27.6
145
34.6
150
26.6
155
30
160
39.2
165
37.2
170
33.8
175
39.2
180
49.2
185
33.6
190
32.4
195
28
200
40.4
205
30
210
30.2
215
42.2
220
34
225
39.2
230
39
235
32.8
240
33.4
245
34.2
250
43.6
255
32.2
260
33
265
41.8
270
27.4
275
32
280
40.6
285
38.6
290
30.2
295
30.4
300
41.8
305
31
310
42.2
315
56
320
34.2
325
43.8
330
58.6
335
38.4
340
60.8
345
45.2
350
41.4
355
42
360
46.6
365
41.2
370
45.6
375
46.6
380
71.6
385
75.2
390
47.4
395
51.8
400
47.6
405
49.4
410
69.8
415
50.4
420
59.8
425
53.8
430
58.6
435
53.6
440
58.8
445
62.6
450
57.2
455
61.8
460
77.2
465
69.6
470
61.6
475
66.8
480
71.8
485
69
490
86.2
495
74.2
500
76
505
75.4
510
83
515
73.8
520
79.2
525
78.6
530
93
535
88.4
540
84
545
87.6
550
134.6
555
91.6
560
94.6
565
95.4
570
91.2
575
153
580
101.4
585
99
590
159.2
595
100.6
600
145.8
605
109
610
109.8
615
110
620
108.2
625
107.6
630
114.4
635
116.4
640
165.8
645
115
650
118
655
123.8
660
120.2
665
121
670
122.6
675
132.8
680
168.2
685
127
690
171.4
695
170.4
700
134.2
705
135.8
710
139.8
715
143.4
720
143.2
725
147
730
149.4
735
155
740
156.8
745
153.4
750
160
755
165.2
760
163.4
765
158.2
770
283.6
775
199.4
780
167.2
785
237
790
199.4
795
169
800
173.8
805
193
810
182.8
815
179.6
820
181.2
825
189
830
186.8
835
195.2
840
198.6
845
193.4
850
195.2
855
203.8
860
211.4
865
208.6
870
204.2
875
294
880
210.6
885
223
890
216.6
895
226.4
900
264.6
905
217.8
910
226.8
915
231.4
920
230.2
925
313
930
232.6
935
312
940
270.2
945
243.4
950
244.2
955
257.8
960
255.6
965
248.4
970
255.4
975
257.6
980
264
985
321.6
990
270.6
995
269.2
1000
264.8
1005
272.8
1010
282.6
1015
274.4
1020
284.8
1025
292.4
1030
282.8
1035
342
1040
340.6
1045
316.6
1050
300.2
1055
347
1060
306.2
1065
310.8
1070
348
1075
314.2
1080
313.2
1085
316.2
1090
384.6
1095
321.6
1100
326.6
1105
329.2
1110
341.2
1115
337.2
1120
336.2
1125
332.8
1130
343.8
1135
376.8
1140
436
1145
389.8
1150
373.2
1155
379.6
1160
396.2
1165
370.6
1170
424
1175
375
1180
377.8
1185
386.2
1190
452.6
1195
388.2
1200
416.8
1205
386
1210
394.6
1215
399.2
1220
393.2
1225
396
1230
403.8
1235
409.6
1240
417.2
1245
497.6
1250
412.6
1255
415.4
1260
437
1265
432.8
1270
429.4
1275
429.4
1280
443.2
1285
444.2
1290
449.8
1295
455
1300
507.6
1305
449
1310
450.6
1315
459.6
1320
455.4
1325
470.2
1330
474.4
1335
464.6
1340
486
1345
486.8
1350
494.4
1355
480.8
1360
492.8
1365
497.8
1370
493
1375
591
1380
553.6
1385
506.8
1390
529.8
1395
509.2
1400
540
1405
524.4
1410
536.6
1415
557.8
1420
546.2
1425
540.4
1430
545.8
1435
545.2
1440
561.8
1445
736.8
1450
556.6
1455
550.6
1460
561
1465
725.8
1470
578
1475
582.4
1480
577.4
1485
581
1490
583.4
1495
590.6
1500
681.6
1505
602
1510
603.6
1515
598.6
1520
605.6
1525
619.2
1530
612.6
1535
702.6
1540
620.8
1545
636.8
1550
639.4
1555
638
1560
641.6
1565
648.2
1570
647.4
1575
740
1580
667.8
1585
666.2
1590
672.2
1595
688.6
1600
677.6
1605
681
1610
679.8
1615
695
1620
793
1625
693.4
1630
703.8
1635
715.8
1640
717.6
1645
720.8
1650
736.2
1655
705.4
1660
767.4
1665
754.8
1670
734.4
1675
729.8
1680
846.6
1685
752
1690
735.2
1695
749.4
1700
761.4
1705
772.2
1710
765.2
1715
767.8
1720
768
1725
802.6
1730
881.8
1735
789.4
1740
816.4
1745
803.6
1750
804.8
1755
820.6
1760
821.4
1765
817
1770
822.4
1775
841.6
1780
910.8
1785
834
1790
851
1795
852
1800
862.4
1805
904.4
1810
862.4
1815
863
1820
889
1825
888
1830
891
1835
892.2
1840
970
1845
898.2
1850
932.6
1855
906.6
1860
921
1865
1010.2
1870
936.4
1875
928.2
1880
918.8
1885
1030.4
1890
941.2
1895
940.6
1900
960
1905
951.4
1910
947
1915
962.2
1920
1066.8
1925
985.2
1930
1009.8
1935
1068
1940
998.2
1945
1074.4
1950
1000.4
1955
1005.8
1960
1127
1965
1017.4
1970
1001.6
1975
1019.2
1980
1019.2
1985
1113
1990
1030.6
1995
1048.6
2000
1040.6
2005
1168
2010
1101.8
2015
1156.6
2020
1080.8
2025
1108.8
2030
1071.8
2035
1176.8
2040
1092.4
2045
1088.8
2050
1107.2
2055
1183.6
2060
1124.4
2065
1173
2070
1120.8
2075
1137
2080
1142
2085
1237
2090
1156
2095
1211.4
2100
1156
2105
1174.4
2110
1190.6
2115
1181.2
2120
1181.2
2125
1204.2
2130
1198.6
2135
1206.8
2140
1206.6
2145
1226.4
2150
1219.4
2155
1221
2160
1241.4
2165
1235.4
2170
1247
2175
1245.8
2180
1239.4
2185
1265.8
2190
1264.2
2195
1260.6
2200
1299.6
2205
1276
2210
1355.2
2215
1292.2
2220
1306
2225
1428.2
2230
1494.2
2235
1395
2240
1371
2245
1320.4
2250
1338.8
2255
1417.2
2260
1330.2
2265
1332.6
2270
1448.8
2275
1359.6
2280
1361.8
2285
1357.4
2290
1368
2295
1496.6
2300
1419.6
2305
1368.2
2310
1372
2315
1426.2
2320
1413.4
2325
1527.8
2330
1463
2335
1434.4
2340
1443.2
2345
1519.2
2350
1450.8
2355
1460.2
2360
1573.2
2365
1498.4
2370
1479.8
2375
1508.8
2380
1605.6
2385
1517.4
2390
1531.2
2395
1528.2
2400
1515
2405
1675.8
2410
1545.6
2415
1528.2
2420
1560.8
2425
1580
2430
1582.4
2435
1565.8
2440
1684.6
2445
1575
2450
1606.2
2455
1625
2460
1589.4
2465
1652
2470
1627.2
2475
1631.2
2480
1606.4
2485
1739.6
2490
1763.8
2495
1625.8
2500
1738
2505
1689
2510
1744.2
2515
1650.6
2520
1697.6
2525
1686
2530
1699
2535
1721.8
2540
1703.4
2545
1691.2
2550
1747.4
2555
1698.8
2560
1732.6
2565
1748.8
2570
1922.4
2575
1788.6
2580
1789.4
2585
1796.6
2590
1787.8
2595
1804.4
2600
1876.6
2605
1891.2
2610
1824
2615
1805.6
2620
1839.8
2625
1819.8
2630
1906.4
2635
1855.4
2640
1942
2645
1965.4
2650
1881.4
2655
1868.8
2660
1864.8
2665
1953.2
2670
1922
2675
1880.8
2680
1917.4
2685
1917.2
2690
2014.6
2695
1942.4
2700
1941.4
2705
2157.8
2710
1934.6
2715
1995.4
2720
1990.8
2725
1976
2730
2055.2
2735
1971.4
2740
1981
2745
2076
2750
2002.2
2755
2124.8
2760
2116.2
2765
2077
2770
2031.8
2775
2182.8
2780
2108.4
2785
2046.8
2790
2099.4
2795
2040.2
2800
2097
2805
2023.4
2810
2118
2815
2176
2820
2199
2825
2167.8
2830
2115.2
2835
2255
2840
2316
2845
2124.8
2850
2121.4
2855
2133.8
2860
2144.6
2865
2173.2
2870
2278.8
2875
2259.4
2880
2310
2885
2157
2890
2284.8
2895
2187.4
2900
2259.6
2905
2252
2910
2306.4
2915
2261.8
2920
2399
2925
2370.2
2930
2581
2935
2301.6
2940
2307.4
2945
2396.6
2950
2318
2955
2274
2960
2330.6
2965
2311
2970
2358.6
2975
2360
2980
2341.6
2985
2544.2
2990
2347.6
2995
2455
3000
2381.6
3005
2395.4
3010
2462.6
3015
2397.4
3020
2462.4
3025
2665
3030
2432.6
3035
2574.8
3040
2514.8
3045
2474.6
3050
2519.4
3055
2538.4
3060
2467.4
3065
2530
3070
2459.4
3075
2481.2
3080
2621.2
3085
2620.6
3090
2569
3095
2496.2
3100
2639.6
3105
2778.8
3110
2568
3115
2548.6
3120
2559
3125
2590.4
3130
2571.2
3135
2684
3140
2659
3145
2596.8
3150
2605.2
3155
2688
3160
2622
3165
2878.4
3170
2674.2
3175
2679.6
3180
2657.8
3185
2757.6
3190
2788.4
3195
2709
3200
2666.8
3205
2912.6
3210
2792.6
3215
2862.8
3220
2735.2
3225
2818.8
3230
2745.4
3235
2741.4
3240
2850
3245
2788.6
3250
2739.6
3255
2799.6
3260
2910.2
3265
2771.8
3270
2931.2
3275
2913.4
3280
2940.2
3285
2892.6
3290
2863
3295
2846
3300
2874.8
3305
2839.2
3310
2858.6
3315
2864.2
3320
2915
3325
3014.4
3330
2922.6
3335
3039.4
3340
2928.6
3345
3028.8
3350
2964
3355
2919.6
3360
3010.4
3365
3048
3370
3011.4
3375
2993.8
3380
3020.8
3385
3010.8
3390
3044.4
3395
3101.4
3400
3029
3405
3130.8
3410
3039.6
3415
3116.6
3420
3159.8
3425
3095.8
3430
3089.4
3435
3157
3440
3132.4
3445
3097
3450
3129.6
3455
3280.8
3460
3242
3465
3272
3470
3261.4
3475
3163.4
3480
3215.4
3485
3204.6
3490
3202.6
3495
3217
3500
3211.8
3505
3265.4
3510
3221.6
3515
3252.8
3520
3357.8
3525
3395.2
3530
3374.2
3535
3265.6
3540
3309.2
3545
3416
3550
3349.4
3555
3321.8
3560
3389
3565
3345.2
3570
3444.6
3575
3403.4
3580
3382.4
3585
3412
3590
3438.2
3595
3444
3600
3515
3605
3407.8
3610
3428.2
3615
3454.8
3620
3406.8
3625
3417.8
3630
3475.2
3635
3581.2
3640
3662.6
3645
3678.4
3650
3492.2
3655
3548.8
3660
3506.6
3665
3560.6
3670
3584.6
3675
3624.8
3680
3606.8
3685
3734
3690
3566.4
3695
3637.6
3700
3604.6
3705
3648.2
3710
3667.2
3715
3813.6
3720
3724
3725
3642.8
3730
3710.6
3735
3693.8
3740
3629.8
3745
3663.2
3750
3785
3755
3715.8
3760
3839.4
3765
3704
3770
3718.4
3775
3735.8
3780
3760.4
3785
3798
3790
3787
3795
3777.2
3800
3854.6
3805
3805.6
3810
3849
3815
3823.2
3820
3803
3825
3836.4
3830
3837.4
3835
3898.8
3840
3869.4
3845
3896.8
3850
3858.4
3855
4059
3860
3900.6
3865
3929.4
3870
3880.6
3875
3934.8
3880
3892.2
3885
4012.8
3890
4065.4
3895
3975.8
3900
4015
3905
3985.4
3910
3984.2
3915
3995
3920
4146.2
3925
4129.2
3930
4099
3935
4039.2
3940
4073.2
3945
4048.4
3950
4119
3955
4183.4
3960
4168.4
3965
4110.2
3970
4069
3975
4266.4
3980
4216
3985
4265.8
3990
4247.4
3995
4267.8
4000
4277
4005
4183.4
4010
4222.2
4015
4428.2
4020
4336.6
4025
4275
4030
4453.2
4035
4350
4040
4290.8
4045
4370.8
4050
4287.4
4055
4346.4
4060
4299.8
4065
4294.4
4070
4260.4
4075
4358.6
4080
4418
4085
4405.4
4090
4476.6
4095
4539.6
4100
4454
4105
4466.4
4110
4444.6
4115
4540.6
4120
4465
4125
4411
4130
4552
4135
4690.8
4140
4695.4
4145
4520
4150
4536.8
4155
4607.8
4160
4592.6
4165
4557
4170
4527
4175
4579.4
4180
4560.4
4185
4561
4190
4556.4
4195
4564.2
4200
4617.6
4205
4639.4
4210
4663.6
4215
4704.4
4220
4738.8
4225
4724.2
4230
4776.6
4235
4756.2
4240
4748.6
4245
4785
4250
4946.2
4255
4830.2
4260
4833.4
4265
4869.4
4270
4955.6
4275
4887.4
4280
4784
4285
4847.2
4290
4782.2
4295
4851.8
4300
4878.8
4305
4905.8
4310
4907.4
4315
4907
4320
4883.2
4325
4927.6
4330
5076.2
4335
4967
4340
4908.2
4345
5001.4
4350
5090.6
4355
5144
4360
5111.8
4365
5084.6
4370
5091.4
4375
5108.6
4380
5124.8
4385
5108.4
4390
5129.6
4395
5145.2
4400
5061
4405
5087.8
4410
5170.6
4415
5143.8
4420
5174.2
4425
5165.8
4430
5246.4
4435
5224.2
4440
5223
4445
5262.4
4450
5204
4455
5249.4
4460
5259.8
4465
5333
4470
5261.2
4475
5306.4
4480
5246.8
4485
5241.2
4490
5277.6
4495
5299.4
4500
5298.8
4505
5324.2
4510
5306.8
4515
5415.4
4520
5508.6
4525
5423.4
4530
5344.8
4535
5320.2
4540
5426.2
4545
5415
4550
5481.4
4555
5483.4
4560
5567.2
4565
5454.4
4570
5483.8
4575
5598
4580
5433
4585
5650.4
4590
5547
4595
5535.2
4600
5646.4
4605
5609.2
4610
5628.2
4615
5597
4620
5663.2
4625
5718.6
4630
5538.6
4635
5718.2
4640
5658
4645
5808.2
4650
5636
4655
5685.2
4660
5770.6
4665
5800.6
4670
5710
4675
5707.8
4680
5774.2
4685
5765.2
4690
5839.2
4695
5898.8
4700
5827.2
4705
5879.8
4710
5922.4
4715
5907.6
4720
5937.6
4725
6028.4
4730
5838.8
4735
5960
4740
5905.8
4745
5842.6
4750
5946.8
4755
5942.2
4760
5978.8
4765
5857.8
4770
5904.6
4775
6190.4
4780
6044.8
4785
5987.8
4790
6079
4795
6138
4800
6053
4805
6100.6
4810
5997
4815
6119.2
4820
6100
4825
6234.4
4830
6034.6
4835
6261.2
4840
6234.8
4845
6092.8
4850
6260
4855
6269.4
4860
6387.2
4865
6272.8
4870
6219.6
4875
6262.6
4880
6173.2
4885
6305.6
4890
6239.2
4895
6385.2
4900
6240.2
4905
6291.8
4910
6225.4
4915
6255.4
4920
6511.4
4925
6358.8
4930
6412.6
4935
6448.6
4940
6557
4945
6477.4
4950
6522
4955
6361.2
4960
6469.4
4965
6577.2
4970
6511.2
4975
6559.2
4980
6543.6
4985
6520.6
4990
6577.6
4995
6675.4
5000
6645.6
5005
6545.4
5010
6623.6
5015
6694.2
5020
6748.6
5025
6524.6
5030
6609.6
5035
6713
5040
6730
5045
6666.2
5050
6787.4
5055
6734.6
5060
6755.4
5065
6707.6
5070
6926.2
5075
6972.6
5080
6994.6
5085
6986.2
5090
6985
5095
7060.6
5100
7012
5105
7055.4
5110
7032.6
5115
7164.8
5120
7000.2
5125
7198.2
5130
7135.2
5135
7112.4
5140
7332.2
5145
7215.2
5150
7168.8
5155
7216
5160
7247.2
5165
7238
5170
7122.2
5175
7327
5180
7293
5185
7213
5190
7273.6
5195
7362.6
5200
7298.8
5205
7531.2
5210
7359.4
5215
7507.4
5220
7539.6
5225
7390.2
5230
7575.4
5235
7739
5240
7685.8
5245
7491.8
5250
7332.2
5255
7527
5260
7432.8
5265
7472.8
5270
7471.4
5275
7547.6
5280
7426.4
5285
7619
5290
7719.4
5295
7538
5300
7515.2
5305
7598.2
5310
7597.8
5315
7642.8
5320
7689.4
5325
7677
5330
7703.6
5335
7672.8
5340
7827
5345
7757.6
5350
7813.2
5355
7803.8
5360
7752.2
5365
7892.4
5370
7747
5375
7719.4
5380
8487.6
5385
7814.8
5390
7922
5395
7947.2
5400
7929.2
5405
7824.8
5410
7959
5415
7843.8
5420
7951.8
5425
7953.2
5430
7873.6
5435
8015
5440
8079.2
5445
7865.2
5450
8168
5455
8084
5460
7966.4
5465
8163.8
5470
8019.8
5475
8068.2
5480
8010.6
5485
8120.8
5490
8114.4
5495
8093.2
5500
8270.8
5505
8248.8
5510
8375.4
5515
8156
5520
8306.2
5525
8206
5530
8224.2
5535
8327.8
5540
8283.8
5545
8270.8
5550
8367.8
5555
8376.8
5560
8360.4
5565
8371
5570
8407.2
5575
8468.6
5580
8439.2
5585
8427.6
5590
8616.4
5595
8545.2
5600
8469.4
5605
8418.8
5610
8428.6
5615
8525.4
5620
8423.2
5625
8652.8
5630
8643.4
5635
8535.6
5640
8534.2
5645
8624.4
5650
8534.8
5655
8557.4
5660
8593.4
5665
8699.8
5670
8646.4
5675
8671.4
5680
8738.2
5685
8791.8
5690
8841.2
5695
8813
5700
8723
5705
8765.2
5710
8806.4
5715
8846
5720
9151.4
5725
8810.2
5730
8937.6
5735
8924
5740
8937
5745
8970.4
5750
8843.6
5755
8906.4
5760
8956.8
5765
8890.2
5770
9049.6
5775
9067.8
5780
9139
5785
8946.2
5790
8974
5795
9102.6
5800
9060.8
5805
9166.4
5810
9282.8
5815
9048.2
5820
9006.6
5825
9147.2
5830
9042.6
5835
9210.2
5840
9176.4
5845
9152.8
5850
9170.8
5855
9159.6
5860
9329.2
5865
9271.6
5870
9212.2
5875
9479
5880
9388.4
5885
9348.6
5890
9285
5895
9335.6
5900
9335.4
5905
9354.2
5910
9383.2
5915
9481.2
5920
9544.8
5925
9631
5930
9529.2
5935
9526.6
5940
9403.2
5945
9513.2
5950
9437.6
5955
9562.6
5960
9740.8
5965
9667.8
5970
9579.4
5975
9687.8
5980
9543.4
5985
9720.6
5990
9772.2
5995
9881.6
6000
9909.6
6005
9805.8
6010
9714.8
6015
9725
6020
9929.2
6025
9806
6030
9874.6
6035
9707.4
6040
9949.2
6045
9799.2
6050
9974
6055
9760.4
6060
9895.8
6065
9913
6070
9877
6075
9965.8
6080
9826.8
6085
9897.4
6090
9819.4
6095
10233.2
6100
9997.6
6105
9848.2
6110
9961.6
6115
9864.6
6120
9788.4
6125
9865
6130
9895.2
6135
9855.8
6140
9894.2
6145
10139.8
6150
9823.2
6155
9819.6
6160
9963.2
6165
9897.6
6170
9934.6
6175
10053
6180
10170.2
6185
10037.6
6190
10112.4
6195
10061.6
6200
10230
6205
10146.4
6210
10187.6
6215
10289.2
6220
10081
6225
10260.2
6230
10134.8
6235
10266.4
6240
10271.8
6245
10201.2
6250
10236.2
6255
10231.2
6260
10237.6
6265
10585
6270
10322.6
6275
10401.6
6280
10307.6
6285
10346.6
6290
10473.2
6295
10573.6
6300
10593
6305
10421.4
6310
10391
6315
10543.2
6320
10507.2
6325
10533.6
6330
10669
6335
10553
6340
10753.4
6345
10696.6
6350
10690.2
6355
10661.8
6360
10683.2
6365
10684
6370
10754
6375
10612.6
6380
10665.4
6385
10652.4
6390
10734.2
6395
10803.2
6400
10734.4
6405
10676.2
6410
10850
6415
10990
6420
10844
6425
10906.2
6430
11018.2
6435
11037.2
6440
10901.8
6445
10947.6
6450
11036.6
6455
11031.2
6460
11151.6
6465
11079
6470
10952
6475
10895.6
6480
11059.6
6485
11216
6490
11208
6495
11293
6500
11110.8
6505
11173.8
6510
11122.4
6515
11172.6
6520
11132.6
6525
11306.8
6530
11251.8
6535
11322.4
6540
11189
6545
11415.8
6550
11329.2
6555
11278
6560
11299
6565
11393.2
6570
11460.2
6575
11389.2
6580
11506.8
6585
11462.4
6590
11524.2
6595
11574.6
6600
11598.4
6605
11470
6610
11568
6615
11491
6620
11401.4
6625
11619.6
6630
11628.8
6635
11550.6
6640
11563.2
6645
11735.6
6650
11738.8
6655
11740.6
6660
11859.6
6665
11594.2
6670
11747.8
6675
11710.4
6680
11765
6685
11731.8
6690
11709.2
6695
11740.4
6700
11818
6705
11861.4
6710
11955.8
6715
11789.8
6720
11758
6725
11801
6730
11872
6735
12047
6740
12020.2
6745
11829.8
6750
11897.2
6755
11998.4
6760
12043.8
6765
12000.8
6770
12217.6
6775
12133.2
6780
12087.6
6785
12091.2
6790
12098.2
6795
11993.8
6800
12147.4
6805
12366.4
6810
12299.8
6815
12431.2
6820
12182.4
6825
12377.8
6830
12255.2
6835
12238
6840
12405.6
6845
12448.6
6850
12329
6855
12371.6
6860
12421.8
6865
12412.8
6870
12522.8
6875
12455
6880
12555.6
6885
12618.6
6890
12455.6
6895
12689.2
6900
12597
6905
12519.2
6910
12846.6
6915
12716.6
6920
12762.4
6925
12671.2
6930
12600.4
6935
12755.8
6940
12670
6945
12688.2
6950
12745
6955
12583
6960
12859
6965
12868.4
6970
12866.6
6975
12814.4
6980
12769.4
6985
12886
6990
13030.4
6995
12893.6
7000
12840.6
7005
12965.6
7010
12920
7015
12954.6
7020
12998
7025
13079.2
7030
13000
7035
13117
7040
13155.4
7045
13113
7050
13222
7055
13154
7060
13032.8
7065
13121
7070
13236.4
7075
13321.8
7080
13122.2
7085
13425
7090
13236.8
7095
13250.4
7100
13289.6
7105
13425.8
7110
13271.8
7115
13275
7120
13471.4
7125
13417.6
7130
13658.8
7135
13483.6
7140
13642.8
7145
13310.6
7150
13535.8
7155
13518.6
7160
13468.2
7165
13554.6
7170
13798.6
7175
13496
7180
13905.4
7185
13808.2
7190
13857.4
7195
13740
7200
13693
7205
13566.4
7210
13845.6
7215
13817.8
7220
13648.2
7225
13993.4
7230
13796.8
7235
13893.8
7240
13769.8
7245
14054.8
7250
13969.4
7255
13954.6
7260
14069.6
7265
13950.8
7270
13995
7275
13982.4
7280
14194.2
7285
14083
7290
14215.8
7295
14072.2
7300
14179
7305
14156.2
7310
14267.8
7315
14121.2
7320
14246.8
7325
14142.6
7330
14422.2
7335
14216.8
7340
14289.2
7345
14255
7350
14271.4
7355
14326.8
7360
14505.2
7365
14405
7370
14392.6
7375
14410.4
7380
14498.8
7385
14587.8
7390
14423
7395
14545.2
7400
14711.4
7405
14483.8
7410
14582.6
7415
14405
7420
14658
7425
14606.2
7430
14623.6
7435
14693
7440
14742.8
7445
14693.4
7450
14686.6
7455
14793.8
7460
14822.2
7465
14817.4
7470
14777.8
7475
14979.6
7480
14657.4
7485
14773.4
7490
15021.4
7495
14906.2
7500
14872.6
7505
14895.2
7510
15126.4
7515
15125.2
7520
15106
7525
15061.4
7530
15147.6
7535
15160.8
7540
15159
7545
15179.2
7550
15118.6
7555
15125.4
7560
15176
7565
15165.8
7570
15160.2
7575
15219
7580
15377.8
7585
15340.2
7590
15394.4
7595
15203.8
7600
15424.4
7605
15290
7610
15285.6
7615
15538.6
7620
15559.8
7625
15395.2
7630
15668.2
7635
15498
7640
15560.2
7645
15800.4
7650
15760.6
7655
15860.6
7660
15790.2
7665
15570.2
7670
15595
7675
15823.8
7680
15638.8
7685
15736.4
7690
15886.2
7695
15747.8
7700
15904.6
7705
15805.2
7710
15812.2
7715
15944
7720
15979.2
7725
15938
7730
15999.2
7735
15972
7740
16125.6
7745
15843
7750
16017.6
7755
16106.8
7760
16049.2
7765
16148.2
7770
16286.6
7775
16134
7780
16400
7785
16295.6
7790
16207.8
7795
16222.2
7800
16311.4
7805
16544.4
7810
16294.6
7815
16342.8
7820
16166
7825
16358
7830
16413.2
7835
16363.6
7840
16377.8
7845
16538.8
7850
16346.2
7855
16493.4
7860
16548.6
7865
16439
7870
16525.4
7875
16454.4
7880
16451.6
7885
16656.4
7890
16668.2
7895
16726.8
7900
16558.8
7905
16559.2
7910
16838.8
7915
16636.4
7920
16956
7925
16636
7930
16726.2
7935
16779
7940
16757.8
7945
16693.2
7950
17063.6
7955
16768.2
7960
16814.8
7965
16674
7970
16757.4
7975
16960.4
7980
17028.4
7985
17034.8
7990
17120
7995
16988.6
8000
17028.6
8005
16997.2
8010
17233.2
8015
17124.6
8020
17349
8025
16995.4
8030
17391.4
8035
17081.6
8040
17390.2
8045
17266
8050
17142.6
8055
17233
8060
17616.4
8065
17215.4
8070
17197
8075
17273.6
8080
17228.6
8085
17265
8090
17199
8095
17234.2
8100
17484.6
8105
17461.6
8110
17760.8
8115
17453.8
8120
17486.2
8125
17513.2
8130
17597.4
8135
17654.2
8140
17628
8145
17266.2
8150
17439
8155
17552.6
8160
17442
8165
17695.2
8170
17559.6
8175
17318.6
8180
17358
8185
17280.2
8190
17325.6
8195
17624.4
8200
17634.2
8205
17323
8210
17493.6
8215
17435.2
8220
17780.6
8225
17647.2
8230
17644.2
8235
17812.4
8240
17925.4
8245
17951
8250
17954.4
8255
17899.8
8260
18096.8
8265
17922.8
8270
18111.2
8275
18167
8280
18079
8285
18048.2
8290
17842.6
8295
17998.4
8300
18350.2
8305
18066.8
8310
18243
8315
18237.2
8320
18140.4
8325
18426.8
8330
18412.6
8335
18399.2
8340
18575.2
8345
18651.2
8350
18546.8
8355
18526
8360
18511.8
8365
18493
8370
18583.6
8375
18617.2
8380
18706.6
8385
18648
8390
18522.4
8395
18519.4
8400
18650
8405
18796
8410
18650.2
8415
18620.6
8420
18697.4
8425
18784.4
8430
18897.8
8435
18740.6
8440
19052.8
8445
18953.6
8450
18936.6
8455
18783.6
8460
18860.4
8465
18961.2
8470
19018
8475
18913.6
8480
19041.4
8485
19145.8
8490
19020.8
8495
19104
8500
19042
8505
19414.6
8510
19121.8
8515
19500.8
8520
19364.8
8525
19183
8530
19254
8535
19071.4
8540
18983.8
8545
19394.2
8550
19386.6
8555
19246.2
8560
19221
8565
19391.6
8570
19463.6
8575
19618.4
8580
19584.4
8585
19380
8590
19302.4
8595
19737
8600
19522.8
8605
19629.4
8610
19542.8
8615
19672.6
8620
19651.8
8625
19554
8630
19908.2
8635
19738.8
8640
19572.8
8645
19780.2
8650
19796.6
8655
19756
8660
19902.6
8665
19688.2
8670
19843.2
8675
19937.4
8680
20069.4
8685
19884.4
8690
19912.6
8695
20123.2
8700
20059
8705
20073
8710
20040
8715
19911
8720
20202
8725
20197.6
8730
20238.4
8735
20013.4
8740
20083
8745
20169.2
8750
19978
8755
20359.8
8760
20351.4
8765
20229.6
8770
20255.6
8775
20298
8780
20163
8785
20698.4
8790
20237
8795
20282
8800
20433.8
8805
20267
8810
20244.2
8815
20561.2
8820
20357.6
8825
20780
8830
20542.6
8835
20649.8
8840
20811
8845
20674.4
8850
20826.4
8855
21134.8
8860
20806.8
8865
20776.2
8870
26629.6
8875
27425.4
8880
29108.4
8885
25320.4
8890
20662.2
8895
20633.8
8900
20647.6
8905
20967.4
8910
20864.2
8915
20821.6
8920
20883.2
8925
20878.2
8930
20810.2
8935
20961.2
8940
21041.6
8945
21194.6
8950
21271.2
8955
21181
8960
21368.4
8965
22038.8
8970
21214.4
8975
20792
8980
20983.6
8985
21157
8990
21482.6
8995
21396.4
9000
21042.8
9005
21196.4
9010
21355.4
9015
21402.6
9020
21336.6
9025
21318.6
9030
21816
9035
21477.2
9040
21788
9045
21468.2
9050
21491.8
9055
21547.8
9060
21660.2
9065
21621.2
9070
21681.4
9075
21771.6
9080
21598.8
9085
21796.4
9090
21664.8
9095
21878.2
9100
21598
9105
21991.2
9110
21901.4
9115
22014.4
9120
21686.4
9125
21753.6
9130
22045.6
9135
22038.8
9140
22032.8
9145
22203
9150
22010.8
9155
22054.2
9160
21779.4
9165
22264.8
9170
22129.6
9175
22318.4
9180
22063.8
9185
22197.8
9190
22561.8
9195
22339.8
9200
22174.6
9205
22325
9210
22254
9215
22319.6
9220
22592.2
9225
22468.2
9230
22372.2
9235
22545
9240
22285.2
9245
22614.6
9250
22532.2
9255
22570.6
9260
22571.8
9265
22608.2
9270
22717.2
9275
22524.6
9280
22758.6
9285
22751
9290
22420.6
9295
22580.6
9300
22475.6
9305
22686
9310
22739.2
9315
22761.4
9320
22688.4
9325
22634.8
9330
22797.8
9335
22952
9340
23098.8
9345
22982.4
9350
23174
9355
23019.8
9360
23087.4
9365
22898.6
9370
23026
9375
23205.6
9380
23254.2
9385
23064
9390
23067.4
9395
23094.4
9400
23125.6
9405
23365
9410
23304
9415
23438.4
9420
23564.8
9425
23463.4
9430
23416
9435
23405
9440
23336
9445
23391.6
9450
23364.2
9455
23403.4
9460
23367.4
9465
23654.8
9470
23692.6
9475
23652
9480
23619.8
9485
23842
9490
23956
9495
23746.8
9500
23961.8
9505
23792.6
9510
23899.2
9515
23822
9520
23861.2
9525
24017.6
9530
23886.4
9535
23940
9540
23727.4
9545
24070.8
9550
23788
9555
23964.8
9560
23936.4
9565
24108.6
9570
24135.4
9575
24154.2
9580
24424.2
9585
24106.6
9590
24006.8
9595
24142.8
9600
24128.8
9605
24374
9610
24213.2
9615
24419.4
9620
24303.8
9625
24421.8
9630
24360.2
9635
24443.8
9640
24302
9645
24456
9650
24711.8
9655
24364.2
9660
24647.4
9665
24714.2
9670
24576.2
9675
24507.8
9680
24744.6
9685
24569.4
9690
24615
9695
24678.2
9700
24858.6
9705
24765.8
9710
24876.2
9715
25026.8
9720
25059.4
9725
25014.4
9730
24944.4
9735
25193.6
9740
25035.2
9745
25078.6
9750
25138.6
9755
24908
9760
25133
9765
25463.2
9770
24922.6
9775
25310.4
9780
25032.4
9785
25361.2
9790
25265.8
9795
25205.4
9800
25257.2
9805
25182.8
9810
25277.2
9815
25452
9820
25204
9825
25439.6
9830
25453.8
9835
25325
9840
25486.2
9845
25353.6
9850
25401.6
9855
25733
9860
25624.4
9865
25658.4
9870
25445.6
9875
25820.2
9880
25663
9885
25848.6
9890
25704.6
9895
26138.6
9900
26004
9905
25937.8
9910
25765.4
9915
25886.8
9920
25899.8
9925
25916
9930
25820.8
9935
26198.8
9940
26032
9945
25876.2
9950
26171.4
9955
26225.4
9960
26472.4
9965
26099
9970
25975.4
9975
25962.4
9980
26246.2
9985
26363
9990
26304.6
9995
26161.4
10000
26442.2
