5
0.8
10
1.4
15
2.4
20
3.2
25
4.8
30
5.8
35
7
40
8.2
45
9.6
50
10.2
55
12.4
60
13
65
15.2
70
15.6
75
16.8
80
17.8
85
19.4
90
21.2
95
22
100
23.8
105
24.4
110
26.6
115
27.4
120
28
125
30.2
130
33.4
135
33.4
140
31.8
145
34.6
150
34.6
155
36.2
160
39
165
38.6
170
41.4
175
39.2
180
39
185
40
190
41.8
195
41.6
200
41.2
205
41.2
210
40
215
38.4
220
52.6
225
51.8
230
37
235
36.8
240
36.4
245
35.8
250
35.4
255
35
260
33.8
265
34.4
270
32.6
275
31.4
280
31.2
285
30.8
290
29.8
295
28.6
300
28.6
305
29.2
310
28.4
315
26.8
320
26.6
325
27.8
330
25.6
335
25.6
340
24.8
345
24.6
350
24.2
355
32.8
360
28.6
365
26.2
370
44.4
375
27
380
26.8
385
28.4
390
36.2
395
40
400
31
405
29.6
410
29.8
415
30.6
420
30
425
30
430
30.8
435
31.4
440
31
445
33
450
35.6
455
36.4
460
39.6
465
41.8
470
44.2
475
44.2
480
45.8
485
35.2
490
35.4
495
35.8
500
37.2
505
36.6
510
37
515
36.8
520
38.4
525
38.8
530
38.4
535
39.8
540
40
545
40.6
550
40.4
555
40
560
42.4
565
42.2
570
42
575
42
580
42.6
585
43
590
44
595
44.8
600
44.2
605
45
610
46.4
615
45.8
620
46
625
46.8
630
47.2
635
47
640
47.6
645
48.4
650
48.8
655
49.4
660
50
665
50.4
670
51.4
675
51
680
51.2
685
51.4
690
51.8
695
53.6
700
53.2
705
53.8
710
53.6
715
53.8
720
54
725
53.6
730
55.4
735
56.4
740
56.6
745
56.8
750
57
755
57
760
58.2
765
57.8
770
58.2
775
57.2
780
59.6
785
60.6
790
60.6
795
61.6
800
61
805
61.8
810
62
815
62.2
820
65
825
63.2
830
63.2
835
65.2
840
64.6
845
65
850
65.4
855
67
860
66.8
865
68.2
870
67.8
875
69
880
68.6
885
69.4
890
67.4
895
69.8
900
69.6
905
70.8
910
72.4
915
71.8
920
73.4
925
75.4
930
73.4
935
75.8
940
75.8
945
76.2
950
76
955
75.2
960
77.4
965
77.6
970
77.8
975
77.4
980
79
985
79.2
990
78
995
81.2
1000
80.4
1005
79.6
1010
81.6
1015
81.4
1020
81
1025
82
1030
83.4
1035
83.4
1040
83.8
1045
85
1050
86
1055
84.6
1060
86.2
1065
85.6
1070
87
1075
87.8
1080
88.8
1085
88.6
1090
90.4
1095
89.2
1100
88
1105
91.2
1110
90.4
1115
91.2
1120
92.8
1125
91.6
1130
95
1135
92.8
1140
93
1145
93.4
1150
91.4
1155
95
1160
93.6
1165
95
1170
96
1175
98.2
1180
96.6
1185
97.8
1190
97.8
1195
99.4
1200
99.6
1205
99
1210
100.8
1215
101.4
1220
100.6
1225
100.8
1230
100
1235
102.2
1240
101.6
1245
100
1250
102.8
1255
102.2
1260
105
1265
104
1270
106.4
1275
106
1280
104.4
1285
104
1290
105.2
1295
106.2
1300
106.8
1305
108
1310
107.8
1315
108
1320
110.2
1325
108.2
1330
110.2
1335
110.4
1340
113.6
1345
112.4
1350
112.4
1355
113.6
1360
113.4
1365
113.6
1370
114.4
1375
115.2
1380
115
1385
115.4
1390
115.6
1395
116.4
1400
117.8
1405
118.6
1410
121.2
1415
117.6
1420
116.6
1425
118
1430
121
1435
119.6
1440
120.4
1445
121.8
1450
120.6
1455
121
1460
119.2
1465
120
1470
123.8
1475
122.4
1480
123.2
1485
123.4
1490
126.4
1495
125.8
1500
125
1505
125.8
1510
127.6
1515
127.2
1520
126.6
1525
129.2
1530
127.2
1535
125.6
1540
128
1545
129.6
1550
130
1555
130
1560
130.8
1565
131.4
1570
132.6
1575
133
1580
132.2
1585
135.6
1590
135.6
1595
137.6
1600
135.8
1605
135.6
1610
135.2
1615
137.2
1620
135.6
1625
137.6
1630
136.4
1635
137.8
1640
136.8
1645
137.8
1650
141
1655
141
1660
138.2
1665
139.8
1670
141.2
1675
140.4
1680
140.6
1685
141
1690
145.2
1695
144.4
1700
144.4
1705
143.8
1710
145.4
1715
146
1720
146.8
1725
145.6
1730
144.8
1735
147.2
1740
145.8
1745
148.6
1750
148.6
1755
149
1760
149.8
1765
149
1770
147.8
1775
150.6
1780
150.6
1785
150.6
1790
149.4
1795
149.2
1800
151.2
1805
150.2
1810
150.6
1815
151.6
1820
155.2
1825
158.2
1830
152
1835
153.4
1840
155.8
1845
157.2
1850
156.4
1855
157.8
1860
155.8
1865
157.2
1870
160.2
1875
158.8
1880
161.8
1885
159.8
1890
159
1895
161.2
1900
163.2
1905
162.6
1910
163.6
1915
160.8
1920
161.4
1925
167
1930
164.2
1935
164.2
1940
167.2
1945
165.6
1950
163.8
1955
167.4
1960
164
1965
167.6
1970
169.2
1975
168.2
1980
168.8
1985
169.8
1990
168.4
1995
168
2000
170.4
2005
171.8
2010
167.8
2015
169.6
2020
174.6
2025
173.2
2030
166.6
2035
174.6
2040
171.8
2045
175.4
2050
174.8
2055
176
2060
176.4
2065
175.6
2070
178.8
2075
177
2080
175.4
2085
175
2090
180.4
2095
179.2
2100
179.4
2105
183.4
2110
179.6
2115
182.4
2120
183.2
2125
182
2130
184.8
2135
183.6
2140
185.2
2145
184.8
2150
183.4
2155
187
2160
188.6
2165
186.6
2170
186
2175
185.4
2180
188
2185
186.4
2190
189.4
2195
189
2200
189.4
2205
190.4
2210
194.2
2215
191.6
2220
194.6
2225
191.8
2230
192.8
2235
194
2240
194
2245
195
2250
195.8
2255
193.4
2260
196.8
2265
211.6
2270
195.2
2275
199.2
2280
195.6
2285
195.4
2290
199
2295
199
2300
197.2
2305
195.4
2310
197.6
2315
199.2
2320
197.8
2325
201.2
2330
201
2335
201.4
2340
203.4
2345
202.2
2350
205.2
2355
202.8
2360
205.4
2365
204.8
2370
206
2375
205.8
2380
205.8
2385
205
2390
209
2395
208.8
2400
207.8
2405
208.2
2410
212.8
2415
208.4
2420
210
2425
208.4
2430
212.6
2435
213
2440
213
2445
212.8
2450
215.4
2455
216.6
2460
217.2
2465
213.8
2470
215.6
2475
215.6
2480
216.4
2485
214.4
2490
215
2495
217.2
2500
219
2505
221.8
2510
219.6
2515
221
2520
220.4
2525
222
2530
220.6
2535
220.8
2540
221
2545
221.8
2550
223
2555
221.6
2560
224.4
2565
223.2
2570
224.6
2575
224.4
2580
226.6
2585
226
2590
226.8
2595
226.6
2600
226.6
2605
230
2610
228.4
2615
230.2
2620
229.2
2625
230.4
2630
234.8
2635
231.6
2640
233.2
2645
234.2
2650
231.4
2655
229.2
2660
235.2
2665
236.8
2670
237
2675
236.6
2680
237.2
2685
237.4
2690
237.4
2695
242
2700
239.2
2705
238.2
2710
235.4
2715
242.4
2720
244.2
2725
243.2
2730
238.8
2735
242.6
2740
243.2
2745
242.6
2750
251.6
2755
243.8
2760
242.4
2765
246.6
2770
242.2
2775
246.4
2780
250.2
2785
248.6
2790
244.8
2795
248.4
2800
248.2
2805
248.8
2810
246.8
2815
249.6
2820
248.6
2825
249
2830
249.4
2835
248.4
2840
251.6
2845
248.8
2850
254
2855
257.8
2860
252.8
2865
247.4
2870
254.6
2875
253.2
2880
253.6
2885
253.6
2890
254.4
2895
255.6
2900
253.2
2905
256.8
2910
250.2
2915
260.6
2920
259.6
2925
262.4
2930
260.8
2935
258.2
2940
261.6
2945
258.2
2950
261
2955
264.6
2960
265.4
2965
263.6
2970
266
2975
256.6
2980
262.8
2985
265.4
2990
268.2
2995
265.8
3000
264.8
3005
266.8
3010
264.6
3015
266.4
3020
266.2
3025
268
3030
271
3035
264
3040
272.2
3045
268.2
3050
271
3055
269.6
3060
270.8
3065
273
3070
270.8
3075
274
3080
272
3085
279
3090
277.6
3095
270.8
3100
276.6
3105
272.6
3110
271.8
3115
275.8
3120
276
3125
277.8
3130
278.2
3135
282.2
3140
281
3145
283
3150
284.8
3155
285.4
3160
282.8
3165
277
3170
283.4
3175
282.4
3180
283.8
3185
280.4
3190
287.2
3195
285.8
3200
284.2
3205
285.2
3210
286.2
3215
290.2
3220
290.6
3225
289.6
3230
289.2
3235
288.4
3240
292.2
3245
285
3250
289.4
3255
290.8
3260
289.4
3265
290
3270
291.8
3275
296.6
3280
296.6
3285
291.6
3290
293.2
3295
296
3300
296.4
3305
295.8
3310
289.6
3315
296
3320
384.6
3325
402.2
3330
328
3335
299.4
3340
298
3345
295.6
3350
298.6
3355
299.8
3360
302.2
3365
302
3370
302.8
3375
302.2
3380
299
3385
303.6
3390
308
3395
304.8
3400
303.8
3405
305.4
3410
304.6
3415
308.6
3420
310.2
3425
309
3430
313.2
3435
307.8
3440
309.4
3445
314
3450
310.4
3455
308.6
3460
312.8
3465
313.8
3470
317.4
3475
312.4
3480
317.6
3485
316.2
3490
315
3495
313.8
3500
319.6
3505
316.2
3510
316.6
3515
313.4
3520
317
3525
314.6
3530
316.8
3535
316.2
3540
317.4
3545
322.2
3550
321.2
3555
320.6
3560
325.8
3565
320.2
3570
323.2
3575
319
3580
322
3585
324
3590
316
3595
320.8
3600
319.8
3605
327.4
3610
323.2
3615
321.4
3620
326.4
3625
328.4
3630
325.8
3635
325
3640
328.8
3645
328.6
3650
329
3655
332.4
3660
332.2
3665
332
3670
336.2
3675
337.6
3680
335
3685
333.4
3690
331.6
3695
335.2
3700
335.6
3705
334.4
3710
341.8
3715
340.8
3720
342
3725
340.2
3730
341
3735
341.8
3740
338
3745
343.4
3750
342.8
3755
342.4
3760
346.2
3765
345.6
3770
343.8
3775
346
3780
345.4
3785
344
3790
347.8
3795
348.2
3800
349.6
3805
348.6
3810
349.4
3815
346.6
3820
349.6
3825
352.4
3830
352.2
3835
348
3840
346.8
3845
353
3850
355.4
3855
353.8
3860
352.4
3865
351
3870
353
3875
348
3880
352
3885
356.2
3890
354.6
3895
357
3900
354.4
3905
360.6
3910
353.6
3915
357.6
3920
360
3925
358.6
3930
363
3935
361.2
3940
361.6
3945
361.8
3950
357.2
3955
358.8
3960
359.2
3965
360.2
3970
369.4
3975
359.4
3980
363.2
3985
366.6
3990
368.6
3995
359.2
4000
367.2
4005
367.4
4010
377
4015
370
4020
369.8
4025
369.6
4030
366.8
4035
364.4
4040
373
4045
368.4
4050
370.4
4055
371.2
4060
371.4
4065
370.8
4070
367.4
4075
368.6
4080
372
4085
373.2
4090
372
4095
371.2
4100
368.2
4105
377.6
4110
371.8
4115
377
4120
377.2
4125
376.4
4130
377.4
4135
372.4
4140
381.6
4145
376.6
4150
382
4155
378.8
4160
384.2
4165
385.2
4170
380.4
4175
385.8
4180
384
4185
372.8
4190
381.6
4195
387.6
4200
387.4
4205
385.6
4210
391
4215
392.6
4220
385.4
4225
387.8
4230
388.6
4235
382
4240
391.8
4245
387.8
4250
386
4255
394
4260
392
4265
395
4270
390.6
4275
398.4
4280
395
4285
399.4
4290
395.8
4295
400.6
4300
398.4
4305
401.8
4310
396.2
4315
398.2
4320
402.2
4325
402.8
4330
400
4335
396.4
4340
395.8
4345
404
4350
412.4
4355
400.2
4360
401.6
4365
406
4370
398.2
4375
402.2
4380
407.2
4385
402
4390
403
4395
404.6
4400
413.2
4405
409.8
4410
409.2
4415
410
4420
405.4
4425
411
4430
409.2
4435
408.4
4440
409.4
4445
413
4450
408.8
4455
412.6
4460
413.6
4465
409.6
4470
412.4
4475
412.6
4480
412.2
4485
419.2
4490
413.2
4495
412.2
4500
415.4
4505
417.8
4510
420.2
4515
414.6
4520
415
4525
419.2
4530
420.2
4535
418.8
4540
415.4
4545
419.4
4550
415
4555
417.2
4560
421.6
4565
425
4570
418.6
4575
425.8
4580
422.6
4585
418.6
4590
422.2
4595
422
4600
420.8
4605
425.4
4610
427.6
4615
431.8
4620
426.8
4625
425.2
4630
433.4
4635
428
4640
425.6
4645
429.8
4650
427.2
4655
435.4
4660
435.2
4665
430.6
4670
431.2
4675
428
4680
437.6
4685
434.6
4690
433
4695
439
4700
436.8
4705
438.2
4710
431.8
4715
437.4
4720
441.8
4725
438.6
4730
438.8
4735
439.2
4740
444.6
4745
434
4750
440.6
4755
442.4
4760
437.6
4765
439
4770
444.2
4775
446.4
4780
447.2
4785
450.6
4790
445.4
4795
447.8
4800
443.8
4805
448.6
4810
452.2
4815
448.2
4820
447.8
4825
445.8
4830
453
4835
446.2
4840
454.6
4845
449.4
4850
449.4
4855
460.4
4860
456.2
4865
457
4870
449.8
4875
462.4
4880
459.2
4885
459.8
4890
455.6
4895
459
4900
455.8
4905
459.4
4910
457.6
4915
465.8
4920
456.8
4925
468.2
4930
459
4935
458.8
4940
460.2
4945
476.2
4950
464.8
4955
466.2
4960
462.2
4965
463.2
4970
461.4
4975
463.8
4980
468
4985
460.6
4990
468.8
4995
471.4
5000
468.2
5005
466.4
5010
465.4
5015
467.2
5020
474
5025
469.6
5030
478.6
5035
468.8
5040
477
5045
469
5050
468.8
5055
476
5060
471.4
5065
476.4
5070
476.8
5075
477.6
5080
478.6
5085
472.8
5090
470.6
5095
474.2
5100
481
5105
476.6
5110
478.4
5115
476
5120
481.2
5125
471.4
5130
473.6
5135
483.6
5140
479.8
5145
476.4
5150
479
5155
478.2
5160
485
5165
478.2
5170
485.2
5175
481.8
5180
482.2
5185
488.4
5190
488.8
5195
480.2
5200
487.8
5205
490.4
5210
490.4
5215
486.8
5220
477.2
5225
492
5230
492.8
5235
490.4
5240
490.8
5245
491.8
5250
498.4
5255
492.2
5260
502.4
5265
500.2
5270
495
5275
498.2
5280
497.6
5285
499.6
5290
496.4
5295
500.4
5300
500.4
5305
500.8
5310
499.8
5315
502.8
5320
505.2
5325
499
5330
504.8
5335
504.8
5340
509.2
5345
502.4
5350
501
5355
505.6
5360
514.4
5365
515.4
5370
505.2
5375
510.8
5380
509.8
5385
510.8
5390
506.4
5395
506.6
5400
512.2
5405
502.4
5410
508.6
5415
514.2
5420
512.8
5425
506
5430
514
5435
514.2
5440
519.4
5445
520.4
5450
516.4
5455
516.2
5460
512.8
5465
516.4
5470
518
5475
518
5480
516
5485
520.6
5490
518.8
5495
525.2
5500
526.2
5505
520.8
5510
519.4
5515
524.6
5520
520.6
5525
529.4
5530
520.4
5535
527.6
5540
529
5545
530.4
5550
535.2
5555
526.8
5560
533.4
5565
529.4
5570
522.8
5575
533.2
5580
544.2
5585
532.8
5590
532.2
5595
524
5600
534.4
5605
534.8
5610
526
5615
523.6
5620
528.6
5625
532.8
5630
527.4
5635
529.2
5640
532.8
5645
527.8
5650
533
5655
531.2
5660
535.6
5665
534.2
5670
533.6
5675
533.6
5680
532.4
5685
535
5690
528
5695
550
5700
538.4
5705
539.2
5710
540
5715
540
5720
543.4
5725
539
5730
537.2
5735
544
5740
540
5745
543.2
5750
547.8
5755
543.6
5760
540.8
5765
545.2
5770
554.6
5775
549.8
5780
544.2
5785
538.4
5790
553.2
5795
550.8
5800
544.8
5805
552.2
5810
549.8
5815
549.6
5820
551.2
5825
560.2
5830
551
5835
559.4
5840
560
5845
549.8
5850
560.6
5855
556.8
5860
565
5865
558.2
5870
557
5875
555.6
5880
552.4
5885
563.6
5890
562
5895
553
5900
559.8
5905
558.6
5910
557.6
5915
557.8
5920
562
5925
566.2
5930
563.4
5935
564.2
5940
553.8
5945
569.6
5950
559.4
5955
568.4
5960
563
5965
571.6
5970
569.4
5975
564.2
5980
572.6
5985
566.8
5990
572
5995
573.2
6000
564
6005
578.6
6010
564
6015
572.4
6020
565
6025
579.6
6030
564.2
6035
567.2
6040
579.6
6045
578
6050
572.4
6055
576.4
6060
572.8
6065
568
6070
579.8
6075
582
6080
576.4
6085
583.4
6090
578.2
6095
575.4
6100
575.4
6105
582.6
6110
570
6115
575.8
6120
570.6
6125
571.4
6130
581.8
6135
586.6
6140
585.8
6145
576.4
6150
590.2
6155
579.4
6160
581.4
6165
580
6170
578.2
6175
583
6180
587.8
6185
589
6190
583.8
6195
589.6
6200
590.6
6205
593
6210
586.6
6215
579.6
6220
592
6225
596.4
6230
596.2
6235
595
6240
602.2
6245
601.8
6250
593.4
6255
601
6260
595.2
6265
602.8
6270
587
6275
599.2
6280
600
6285
598.6
6290
597.2
6295
599.4
6300
607.4
6305
600.4
6310
605
6315
604.8
6320
606
6325
609.2
6330
603.4
6335
601.2
6340
606.8
6345
603.2
6350
600.8
6355
612.6
6360
604.2
6365
609
6370
608
6375
616.4
6380
610.2
6385
619
6390
611
6395
612.8
6400
615.2
6405
609
6410
614.4
6415
618.6
6420
618.6
6425
614.4
6430
614.4
6435
614
6440
617.4
6445
624
6450
618
6455
623
6460
624.2
6465
620
6470
621.4
6475
622
6480
623.6
6485
621
6490
624.8
6495
620.6
6500
625.6
6505
619.8
6510
625.6
6515
623.2
6520
629.6
6525
622.6
6530
629
6535
621.6
6540
629
6545
627.4
6550
630.6
6555
628.2
6560
631.6
6565
629.4
6570
628
6575
630.4
6580
627.6
6585
632.6
6590
632.6
6595
631.6
6600
624.4
6605
634
6610
626.8
6615
640.2
6620
630.8
6625
637.4
6630
642.6
6635
635
6640
636.6
6645
652.4
6650
638.2
6655
640
6660
633.6
6665
653.6
6670
639
6675
639.8
6680
642.2
6685
639.2
6690
648.4
6695
638.6
6700
638.2
6705
637.8
6710
645.2
6715
628.8
6720
644.4
6725
637
6730
640.6
6735
643.8
6740
638.2
6745
643.4
6750
641
6755
647.8
6760
653.2
6765
648.4
6770
655.2
6775
651.6
6780
655.6
6785
650.2
6790
654.2
6795
656.2
6800
658.2
6805
650.8
6810
651
6815
660.8
6820
658.8
6825
659.4
6830
659
6835
663
6840
664.2
6845
664.2
6850
660.8
6855
656.6
6860
657.6
6865
661.6
6870
660.4
6875
675.8
6880
672.8
6885
664.6
6890
670.6
6895
663.2
6900
672.6
6905
665.6
6910
668.6
6915
669
6920
670.4
6925
666.2
6930
673
6935
664.6
6940
669
6945
679.4
6950
669.8
6955
671.6
6960
676.8
6965
668
6970
675.4
6975
676.8
6980
668.6
6985
676.2
6990
673.4
6995
674
7000
691.2
7005
674.6
7010
676
7015
671
7020
676
7025
677.8
7030
677.8
7035
675.6
7040
681
7045
678.6
7050
682.4
7055
697.2
7060
680.8
7065
681.6
7070
685.2
7075
676.8
7080
686.6
7085
686.8
7090
686.8
7095
683.2
7100
683.4
7105
685.4
7110
679.8
7115
678.6
7120
687.8
7125
678.6
7130
682
7135
684
7140
685.2
7145
692.4
7150
686
7155
683
7160
676.8
7165
690
7170
688.6
7175
682.4
7180
684.4
7185
686.6
7190
689.4
7195
692.8
7200
693.4
7205
692.2
7210
694.6
7215
709.6
7220
692
7225
694.2
7230
698.2
7235
694
7240
694.2
7245
693.6
7250
700.6
7255
705
7260
693.6
7265
706.6
7270
697.8
7275
705.4
7280
705.2
7285
702
7290
703.2
7295
709
7300
704.2
7305
712.8
7310
710
7315
718
7320
713.2
7325
712.4
7330
706.4
7335
706
7340
725.8
7345
712.4
7350
713
7355
721.4
7360
715.8
7365
717
7370
719.8
7375
721
7380
723.2
7385
715
7390
719
7395
723.2
7400
721.2
7405
719.6
7410
725.2
7415
718.4
7420
722.8
7425
724.8
7430
729.6
7435
726.6
7440
725.8
7445
725.2
7450
729.2
7455
725.2
7460
732.2
7465
728.4
7470
736
7475
730.2
7480
723.4
7485
736.4
7490
734
7495
732
7500
728.8
7505
724.8
7510
735
7515
734.8
7520
736
7525
737.2
7530
733.8
7535
729.2
7540
736.2
7545
730.4
7550
746.4
7555
728
7560
742.4
7565
739
7570
738.2
7575
735.2
7580
742.8
7585
737
7590
737.8
7595
736.4
7600
741.4
7605
745
7610
744.2
7615
743.8
7620
736.4
7625
740.8
7630
740.6
7635
743.8
7640
741.4
7645
744
7650
745
7655
746.2
7660
742.8
7665
744.6
7670
736
7675
748.4
7680
746.4
7685
746.4
7690
747.2
7695
747.2
7700
755.8
7705
752.2
7710
753.8
7715
744.4
7720
758.6
7725
747.6
7730
758.4
7735
757.2
7740
752.6
7745
748.4
7750
759
7755
757.6
7760
752.6
7765
752.6
7770
753.6
7775
759.2
7780
757.4
7785
758.6
7790
762.4
7795
763.8
7800
758.2
7805
760.4
7810
757.6
7815
764.4
7820
764.4
7825
763.8
7830
755.2
7835
762.8
7840
761
7845
766.6
7850
763.4
7855
771.8
7860
765.6
7865
770.4
7870
767.6
7875
780.4
7880
773.4
7885
773.6
7890
774.6
7895
774.6
7900
778.6
7905
773
7910
779.8
7915
776
7920
772.2
7925
775.8
7930
778.8
7935
776.4
7940
778.8
7945
775.4
7950
770.2
7955
778.2
7960
771.6
7965
782.2
7970
776
7975
772.4
7980
782.8
7985
782.2
7990
786
7995
777.4
8000
778.6
8005
788.8
8010
784.8
8015
788.8
8020
785.2
8025
785
8030
791.2
8035
784.8
8040
790.2
8045
793
8050
790
8055
793.2
8060
788.4
8065
786.8
8070
782
8075
794
8080
792.6
8085
782.6
8090
792
8095
795
8100
790
8105
790.4
8110
800.2
8115
791.8
8120
788
8125
793.2
8130
794
8135
796.2
8140
791.4
8145
793.8
8150
788
8155
795
8160
794.2
8165
797.8
8170
793.8
8175
800.8
8180
789.8
8185
792.4
8190
799.2
8195
792
8200
799
8205
801.4
8210
830.2
8215
800.4
8220
800.4
8225
799.4
8230
797.6
8235
805
8240
790.6
8245
796.6
8250
806.4
8255
802.8
8260
797.2
8265
802.6
8270
808.6
8275
817
8280
800.4
8285
805.2
8290
813.6
8295
836.4
8300
810.8
8305
810
8310
821.4
8315
817.8
8320
809.4
8325
815.4
8330
818.2
8335
807.6
8340
812
8345
816.6
8350
823.2
8355
818.4
8360
820
8365
823.4
8370
825.4
8375
832.2
8380
814.2
8385
820.2
8390
825
8395
832.4
8400
830.2
8405
822.8
8410
835.2
8415
824.4
8420
831.2
8425
830.2
8430
834.6
8435
833.2
8440
840.8
8445
831.2
8450
837
8455
837.8
8460
844.6
8465
838.6
8470
829.4
8475
833.6
8480
843.2
8485
835.2
8490
827.6
8495
841.8
8500
842.4
8505
843.2
8510
834
8515
838
8520
839.6
8525
840
8530
840.6
8535
838.6
8540
846.2
8545
841.2
8550
848
8555
841
8560
840.8
8565
848.4
8570
850
8575
847.6
8580
860.4
8585
845
8590
851.4
8595
841.8
8600
865.2
8605
859.8
8610
858.6
8615
845.2
8620
860.4
8625
853.2
8630
855.8
8635
855.4
8640
851.6
8645
853.8
8650
852.6
8655
855.6
8660
854.2
8665
851.6
8670
849.4
8675
861
8680
854
8685
851
8690
852
8695
863.6
8700
860.4
8705
864
8710
851.4
8715
859.8
8720
870.6
8725
861.6
8730
858.6
8735
860.8
8740
865
8745
871
8750
867.6
8755
862.8
8760
866.8
8765
871.2
8770
860.8
8775
864.8
8780
868.2
8785
865
8790
871
8795
864.8
8800
874.4
8805
865.8
8810
861.8
8815
872.2
8820
869.2
8825
875.2
8830
875.8
8835
873.6
8840
871.8
8845
868.8
8850
871.6
8855
873.2
8860
884.6
8865
879.4
8870
875.6
8875
877.8
8880
883.8
8885
880.6
8890
871.8
8895
876.6
8900
875.2
8905
887.8
8910
887
8915
882.4
8920
875.2
8925
877.6
8930
884.2
8935
888.8
8940
879.2
8945
875.2
8950
880
8955
885.6
8960
895.8
8965
886
8970
883.8
8975
886.6
8980
900
8985
884.8
8990
888.8
8995
883
9000
891
9005
892.6
9010
887.8
9015
898.4
9020
902.8
9025
884.4
9030
892
9035
888.2
9040
901.4
9045
898
9050
899.2
9055
892.4
9060
909
9065
890.8
9070
905.4
9075
899.2
9080
889
9085
902
9090
890.4
9095
891
9100
894.6
9105
897.8
9110
900.2
9115
904.4
9120
902.8
9125
891.6
9130
898.4
9135
901.6
9140
906.4
9145
901.6
9150
902.4
9155
901.6
9160
907
9165
903.2
9170
896.4
9175
905.4
9180
902.2
9185
912.6
9190
906.6
9195
908
9200
903.4
9205
898.6
9210
902
9215
907.6
9220
891.8
9225
906.8
9230
906.8
9235
901.6
9240
910.2
9245
911.4
9250
914
9255
910
9260
912.8
9265
907.8
9270
916
9275
915.4
9280
914.2
9285
909.6
9290
908.8
9295
915.8
9300
910.8
9305
918.6
9310
914.4
9315
921
9320
923.8
9325
923.8
9330
927.2
9335
926.2
9340
916.8
9345
928.8
9350
922.8
9355
928.8
9360
920.8
9365
930.6
9370
925
9375
926.6
9380
922.6
9385
932.4
9390
927.4
9395
931.6
9400
931.6
9405
938.8
9410
932.8
9415
936.8
9420
938.2
9425
930.2
9430
934.8
9435
943.8
9440
933.2
9445
940.8
9450
925
9455
934
9460
935.6
9465
932.4
9470
929.8
9475
935.2
9480
939
9485
934.4
9490
953.2
9495
937.4
9500
944.6
9505
930
9510
946.8
9515
941.4
9520
949.8
9525
944.6
9530
950.6
9535
952.8
9540
949.8
9545
955.6
9550
956.8
9555
948.2
9560
953.2
9565
954.8
9570
948
9575
965.8
9580
948.6
9585
958.2
9590
960.2
9595
957.4
9600
955.6
9605
964
9610
951.6
9615
961.8
9620
960.2
9625
958.2
9630
956
9635
958.6
9640
964.4
9645
970.6
9650
960.4
9655
963.6
9660
961.2
9665
966
9670
970
9675
964
9680
986.6
9685
961.2
9690
965.6
9695
969
9700
966.6
9705
971.6
9710
970.8
9715
976.2
9720
965.4
9725
957.6
9730
973.4
9735
965.4
9740
978.2
9745
969.4
9750
995.4
9755
968.8
9760
968.8
9765
975.4
9770
974.8
9775
968.4
9780
965.8
9785
972.2
9790
980.2
9795
974.4
9800
968
9805
971
9810
972.6
9815
975.4
9820
997
9825
986.2
9830
980
9835
989.2
9840
979.6
9845
989.2
9850
987.8
9855
989.8
9860
979.8
9865
981
9870
978.8
9875
984.8
9880
988.6
9885
990.6
9890
978
9895
987
9900
982.8
9905
977.6
9910
994.2
9915
994.2
9920
993.6
9925
997.2
9930
994.4
9935
989
9940
991.2
9945
988
9950
994.8
9955
990.8
9960
990.2
9965
997
9970
987.2
9975
1002.8
9980
996.8
9985
990.4
9990
1005.4
9995
998.8
10000
1000.2
