5
0.2
10
1
15
2
20
3
25
3.4
30
4.8
35
6
40
7.6
45
9
50
11.4
55
12
60
14
65
18
70
17.8
75
21.4
80
24.6
85
35.6
90
30
95
39.8
100
46.2
105
36.6
110
50.6
115
55.4
120
61
125
52.8
130
53.8
135
57.8
140
56.4
145
60.6
150
89
155
66.2
160
61.8
165
66.6
170
58.4
175
66.2
180
63
185
62.2
190
64.4
195
63.4
200
75.8
205
59
210
68.8
215
69.2
220
69
225
52.6
230
52.4
235
52
240
57.6
245
48
250
49.6
255
45.4
260
46.4
265
54.4
270
45.6
275
46.6
280
48.2
285
49.2
290
60
295
52.6
300
54
305
56.6
310
57.8
315
59.2
320
60.6
325
63.8
330
69.2
335
77.4
340
68
345
69.6
350
82.4
355
69.6
360
87.2
365
77.2
370
91.4
375
92.2
380
82.4
385
77
390
81
395
90
400
90.2
405
106.4
410
94.8
415
91.2
420
99.2
425
116.4
430
111.6
435
105
440
106.4
445
107.2
450
113
455
114
460
124.2
465
117.6
470
117.2
475
118
480
141.4
485
127.6
490
130.6
495
133.6
500
136.4
505
137.4
510
143.8
515
142
520
143.8
525
146.2
530
149
535
145.8
540
153.6
545
159.4
550
157.2
555
158.4
560
162.6
565
164.4
570
168.6
575
174.2
580
163.8
585
177.2
590
180.4
595
183.4
600
194.6
605
177
610
181.4
615
183.4
620
190.2
625
211.6
630
205
635
220.8
640
224
645
234.4
650
213.6
655
217
660
223
665
224.8
670
224.6
675
232.2
680
227.6
685
248.4
690
244.4
695
244
700
246.4
705
268
710
269.6
715
268
720
261.2
725
262.4
730
267.2
735
263.8
740
270.8
745
277.8
750
272.2
755
283.2
760
290.2
765
298.2
770
297
775
299.4
780
309
785
306.8
790
303.2
795
323.4
800
311.6
805
323.4
810
333
815
333.6
820
332.8
825
324.2
830
338
835
355.2
840
342.4
845
345.6
850
354
855
361.2
860
352.4
865
367
870
376
875
367.2
880
373.2
885
374.6
890
386.2
895
379.8
900
379.6
905
396
910
388.6
915
409.8
920
408.8
925
413.2
930
439.8
935
425.6
940
429
945
433.8
950
423.2
955
440.8
960
452.8
965
445
970
455.2
975
450.8
980
450
985
489.2
990
475.8
995
479
1000
489.2
1005
496.4
1010
507.2
1015
481.4
1020
484.6
1025
502.2
1030
497.6
1035
514
1040
534.2
1045
506.8
1050
524
1055
520.8
1060
525.2
1065
557.8
1070
537.2
1075
562.4
1080
544.8
1085
557
1090
565.6
1095
574.8
1100
562.8
1105
580
1110
576.6
1115
593.8
1120
590.8
1125
579
1130
598.8
1135
612.4
1140
610.2
1145
627.4
1150
639
1155
618.4
1160
639.6
1165
654.6
1170
638.4
1175
650.6
1180
655.4
1185
640.2
1190
659.6
1195
654.8
1200
672.8
1205
665.4
1210
684.6
1215
687.8
1220
699.8
1225
696.2
1230
731.6
1235
708.4
1240
727.6
1245
716
1250
751
1255
726.6
1260
724.6
1265
754.4
1270
764.2
1275
752
1280
752.4
1285
767.6
1290
793
1295
771.2
1300
767.8
1305
793.2
1310
797.8
1315
798
1320
816.4
1325
801.4
1330
825.6
1335
826
1340
803.8
1345
831
1350
842.8
1355
859
1360
850.4
1365
856.8
1370
856.2
1375
927.4
1380
857.8
1385
881.6
1390
877.6
1395
895.4
1400
900.8
1405
904.2
1410
925.8
1415
914.2
1420
913.4
1425
929
1430
926.6
1435
953
1440
931.4
1445
943
1450
963.2
1455
959
1460
955.2
1465
973.6
1470
985.8
1475
969
1480
1000.8
1485
1015.2
1490
1015.4
1495
1001.4
1500
1009.6
1505
1045.2
1510
1040
1515
1037
1520
1045.6
1525
1081
1530
1065.4
1535
1072.8
1540
1071.4
1545
1090.6
1550
1082
1555
1083.8
1560
1094.2
1565
1110.4
1570
1106.2
1575
1132.4
1580
1151.4
1585
1156.2
1590
1152.2
1595
1148.4
1600
1163
1605
1136
1610
1171.4
1615
1163.2
1620
1222.8
1625
1194.6
1630
1206.2
1635
1237.6
1640
1202
1645
1210.8
1650
1232.2
1655
1236.8
1660
1233.2
1665
1239.8
1670
1260.8
1675
1256.2
1680
1302
1685
1262.2
1690
1297.2
1695
1274.8
1700
1299.4
1705
1314
1710
1309.4
1715
1317.4
1720
1334
1725
1313.2
1730
1335.4
1735
1335.2
1740
1352.8
1745
1344.4
1750
1366.6
1755
1356.2
1760
1392
1765
1411.4
1770
1385.2
1775
1409.8
1780
1397
1785
1416.6
1790
1424.4
1795
1462.2
1800
1465.6
1805
1456.4
1810
1450.2
1815
1461.2
1820
1468.2
1825
1482.4
1830
1478.4
1835
1528.2
1840
1520.4
1845
1518.2
1850
1518
1855
1522.4
1860
1533.4
1865
1582.8
1870
1560.4
1875
1558
1880
1575
1885
1581
1890
1572.6
1895
1593.6
1900
1594.6
1905
1636.2
1910
1634.4
1915
1616
1920
1640
1925
1652.6
1930
1661.2
1935
1650
1940
1660.6
1945
1667.6
1950
1687.2
1955
1705.2
1960
1694.4
1965
1752.2
1970
1720
1975
1724.4
1980
1729
1985
1743.2
1990
1738
1995
1783.8
2000
1767.6
2005
1806.6
2010
1793.8
2015
1796
2020
1781.6
2025
1796.2
2030
1823.4
2035
1819.6
2040
1819.6
2045
1850.2
2050
1833.6
2055
1869
2060
1850.4
2065
1850.2
2070
1872.8
2075
1917.8
2080
1906.6
2085
1920.6
2090
1928.4
2095
1947
2100
1948
2105
1951
2110
1989
2115
1973.6
2120
1965.2
2125
2014.4
2130
2001.4
2135
1998.4
2140
2017.6
2145
2044.6
2150
2014.2
2155
2054.2
2160
2051.2
2165
2051.8
2170
2075.6
2175
2050.6
2180
2086.2
2185
2125.4
2190
2097.4
2195
2099.6
2200
2162
2205
2103.6
2210
2141
2215
2193.8
2220
2160.4
2225
2169.2
2230
2172
2235
2176.2
2240
2242.6
2245
2220.2
2250
2227.6
2255
2217.2
2260
2298.4
2265
2268.4
2270
2260.8
2275
2288.4
2280
2265.2
2285
2315.4
2290
2325.8
2295
2304.8
2300
2319.8
2305
2325.4
2310
2344.4
2315
2350.8
2320
2379.6
2325
2366.2
2330
2393.4
2335
2392.4
2340
2428.8
2345
2429.8
2350
2437
2355
2438
2360
2455
2365
2439.4
2370
2480
2375
2486.4
2380
2491.2
2385
2501.8
2390
2491.8
2395
2513.6
2400
2496
2405
2553.8
2410
2562.6
2415
2568.4
2420
2544.6
2425
2564
2430
2606.4
2435
2612.8
2440
2631.2
2445
2621.2
2450
2617
2455
2631.2
2460
2674
2465
2673.6
2470
2666
2475
2698.8
2480
2696.2
2485
2710.8
2490
2675.6
2495
2728.2
2500
2735.8
2505
2745.4
2510
2744.6
2515
2798.8
2520
2774.4
2525
2761
2530
2798.6
2535
2809
2540
2786.8
2545
2803.8
2550
2858.2
2555
2821.4
2560
2841
2565
2907
2570
2877.2
2575
2938.8
2580
2904.8
2585
2919.4
2590
2926.4
2595
2919.2
2600
2943.4
2605
2964.2
2610
2970.6
2615
3000.8
2620
3014.8
2625
2991.4
2630
3007.2
2635
2986
2640
3087.6
2645
3041.2
2650
3040.4
2655
3055.2
2660
3076.8
2665
3097.6
2670
3101.4
2675
3147.2
2680
3173
2685
3175.8
2690
3135.6
2695
3149.6
2700
3184.6
2705
3143.4
2710
3218.4
2715
3183.2
2720
3217
2725
3225.6
2730
3226.6
2735
3253.4
2740
3282.6
2745
3276.4
2750
3305.4
2755
3303
2760
3297
2765
3336.6
2770
3341.6
2775
3315.2
2780
3341.4
2785
3358.8
2790
3367.8
2795
3400.4
2800
3369.4
2805
3424.6
2810
3443.6
2815
3455.6
2820
3434
2825
3472.8
2830
3470.2
2835
3487.8
2840
3531.6
2845
3494.4
2850
3536.6
2855
3556
2860
3569.2
2865
3576
2870
3570.4
2875
3594.4
2880
3587.4
2885
3595.8
2890
3590.6
2895
3665.2
2900
3643.8
2905
3660.6
2910
3719
2915
3713.2
2920
3649.2
2925
3676.4
2930
3686.2
2935
3709
2940
3768
2945
3747.8
2950
3746.6
2955
3752.8
2960
3783.2
2965
3826.6
2970
3831.8
2975
3864.4
2980
3836
2985
3815.8
2990
3849
2995
3872.2
3000
3879.8
3005
3896.4
3010
3910.2
3015
3900.6
3020
3919.4
3025
3962.6
3030
3955.6
3035
4024.8
3040
3980.4
3045
3988
3050
4015
3055
3985.4
3060
4030.6
3065
4039.6
3070
4116.6
3075
4077.4
3080
4052.6
3085
4104.4
3090
4083.6
3095
4132.4
3100
4127.4
3105
4145.4
3110
4193
3115
4198.8
3120
4172.2
3125
4197.6
3130
4240.6
3135
4228.2
3140
4276.4
3145
4234.2
3150
4271.8
3155
4291.4
3160
4310.8
3165
4309.4
3170
4322
3175
4319.8
3180
4368
3185
4347.6
3190
4337
3195
4388.4
3200
4373.2
3205
4365.6
3210
4402.2
3215
4432.8
3220
4507.8
3225
4457.2
3230
4445.4
3235
4463.4
3240
4528.8
3245
4547.6
3250
4512.4
3255
4574.6
3260
4537.2
3265
4580.6
3270
4578.4
3275
4593.8
3280
4604.6
3285
4612.2
3290
4645.4
3295
4722.2
3300
4660
3305
4696.6
3310
4723.2
3315
4713.4
3320
4691.2
3325
4690
3330
4746.2
3335
4784
3340
4786.4
3345
4816.6
3350
4805.6
3355
4822.8
3360
4769
3365
4876
3370
4837.8
3375
4856.8
3380
4902.8
3385
4893.2
3390
4907.4
3395
4933.6
3400
4903.6
3405
5016.2
3410
4955.8
3415
4967.8
3420
4972.6
3425
5026
3430
5017.2
3435
5055.8
3440
5080.4
3445
5031.6
3450
5072.2
3455
5179.2
3460
5126.4
3465
5132.6
3470
5187
3475
5186.6
3480
5222.8
3485
5150.8
3490
5173.4
3495
5207
3500
5215
3505
5222.2
3510
5251
3515
5253.8
3520
5276.2
3525
5340.4
3530
5320.2
3535
5319.4
3540
5320.6
3545
5393.6
3550
5370
3555
5387
3560
5367.6
3565
5412.4
3570
5427.4
3575
5460.8
3580
5455.8
3585
5509.8
3590
5454.2
3595
5534.8
3600
5491.4
3605
5526.8
3610
5583.6
3615
5547.8
3620
5563.8
3625
5592.4
3630
5602.8
3635
5602.6
3640
5604.6
3645
5619.2
3650
5635.6
3655
5664.6
3660
5731
3665
5696.6
3670
5716.4
3675
5803.6
3680
5801.6
3685
5766.4
3690
5752
3695
5831.8
3700
5809.4
3705
5840
3710
5834.8
3715
5863.2
3720
5921
3725
5921
3730
5919.6
3735
5893.4
3740
5949.2
3745
5964.6
3750
5955.8
3755
5966
3760
6057.6
3765
6082.6
3770
6027.4
3775
6055.4
3780
6176.2
3785
6088
3790
6107.2
3795
6108.8
3800
6144.4
3805
6169.8
3810
6125.8
3815
6184.4
3820
6149.2
3825
6204.6
3830
6253.4
3835
6249.6
3840
6271.4
3845
6267
3850
6222
3855
6330.4
3860
6307.8
3865
6356.2
3870
6326.6
3875
6373.4
3880
6420.8
3885
6437.8
3890
6392.8
3895
6438.4
3900
6483.2
3905
6450.8
3910
6528.6
3915
6547.4
3920
6601.6
3925
6546.4
3930
6573.6
3935
6598
3940
6540.2
3945
6643.6
3950
6559
3955
6597.4
3960
6594
3965
6693.2
3970
6712.2
3975
6645.6
3980
6665.2
3985
6725.8
3990
6761
3995
6689.8
4000
6763
4005
6842.8
4010
6808.8
4015
6794
4020
6836
4025
6856.8
4030
6865
4035
6878.2
4040
6921.2
4045
6951.4
4050
6932.4
4055
6949.8
4060
6942.2
4065
6980.6
4070
6963.2
4075
7013.6
4080
7061.8
4085
7123.4
4090
7085.4
4095
7049.4
4100
7153.8
4105
7124.8
4110
7133
4115
7112.2
4120
7126.6
4125
7163
4130
7258.4
4135
7220.8
4140
7228.4
4145
7284.8
4150
7289.4
4155
7254.8
4160
7317
4165
7325.4
4170
7462.8
4175
7445.8
4180
7421
4185
7417.4
4190
7471.6
4195
7411.4
4200
7454.2
4205
7457.8
4210
7483.6
4215
7486.4
4220
7507.4
4225
7536.2
4230
7538.6
4235
7579.2
4240
7578
4245
7589.2
4250
7623.6
4255
7704.8
4260
7651.8
4265
7696.4
4270
7663
4275
7738.4
4280
7773
4285
7703.8
4290
7748.8
4295
7717.4
4300
7790.8
4305
7858.4
4310
7800.8
4315
7847.6
4320
7891.2
4325
7888.4
4330
7906.4
4335
7917.8
4340
7906.2
4345
7962.6
4350
8024.6
4355
7964.8
4360
8054.6
4365
8027.6
4370
8076
4375
8061.2
4380
8115.4
4385
8053.8
4390
8131.4
4395
8177.4
4400
8164.6
4405
8247.2
4410
8154.2
4415
8209.6
4420
8234.2
4425
8242.6
4430
8330.8
4435
8270.4
4440
8312
4445
8273.4
4450
8361
4455
8303.6
4460
8443.4
4465
8396.4
4470
8453.4
4475
8437.8
4480
8483.8
4485
8496.6
4490
8433.6
4495
8455
4500
8638.8
4505
8588.8
4510
8582.2
4515
8648
4520
8584.6
4525
8636.2
4530
8579.6
4535
8672
4540
8725
4545
8668.6
4550
8732.4
4555
8775.2
4560
8765.6
4565
8749.8
4570
8797.6
4575
8747.6
4580
8800.8
4585
8882.4
4590
8859.4
4595
8862.6
4600
8919
4605
8952.6
4610
8918.4
4615
8976.8
4620
8931.4
4625
9041.2
4630
9040.4
4635
9010
4640
9022
4645
9045.2
4650
9046.8
4655
9061.8
4660
9185.4
4665
9139.2
4670
9163.2
4675
9232.8
4680
9158.4
4685
9240.2
4690
9229.8
4695
9238.6
4700
9317
4705
9337.4
4710
9300.6
4715
9391.6
4720
9370.6
4725
9339.6
4730
9356
4735
9474.2
4740
9492.8
4745
9449.4
4750
9399
4755
9434.8
4760
9572.2
4765
9533.6
4770
9568.4
4775
9558.2
4780
9561.2
4785
9633.8
4790
9607
4795
9656.2
4800
9739.4
4805
9688.6
4810
9713.8
4815
9721
4820
9712.6
4825
9713
4830
9820.2
4835
9758.6
4840
9867.6
4845
9848.8
4850
9874.6
4855
9914
4860
9877
4865
9890.2
4870
9985.8
4875
10024.2
4880
9958
4885
10024.2
4890
10045.8
4895
10061.8
4900
10069.8
4905
10086.4
4910
10150.8
4915
10132
4920
10137.2
4925
10138.4
4930
10175.4
4935
10220.2
4940
10171
4945
10198.6
4950
10284
4955
10305.2
4960
10264
4965
10360.4
4970
10380
4975
10387.4
4980
10369.6
4985
10388
4990
10520
4995
10443.6
5000
10451.2
5005
10456.2
5010
10543.8
5015
10512.8
5020
10532.2
5025
10536.6
5030
10620.4
5035
10568.2
5040
10666
5045
10683.4
5050
10613.4
5055
10698.6
5060
10748.8
5065
10769.2
5070
10783
5075
10757.2
5080
10817
5085
10905.4
5090
10892.8
5095
10827.2
5100
10970.4
5105
10891.4
5110
10977.4
5115
11079.2
5120
10962.4
5125
11104.4
5130
10990.2
5135
11005.2
5140
11022.8
5145
11092.8
5150
11063.4
5155
11133.6
5160
11190.8
5165
11149.4
5170
11150.4
5175
11266.4
5180
11213
5185
11209.4
5190
11277.2
5195
11312.2
5200
11285.6
5205
11407.6
5210
11336
5215
11339.6
5220
11467.4
5225
11385.4
5230
11430.8
5235
11443.2
5240
11507.4
5245
11504.4
5250
11633.2
5255
11642.4
5260
11624.6
5265
11564.6
5270
11648.8
5275
11615.8
5280
11653.2
5285
11737.8
5290
11689
5295
11782.8
5300
11725.2
5305
11767.8
5310
11809.6
5315
11803.4
5320
11839
5325
11942
5330
11879.4
5335
11919.2
5340
11867
5345
11942.8
5350
11966.6
5355
12020
5360
12125.6
5365
12064
5370
11989.8
5375
12053.4
5380
12078
5385
12070.2
5390
12122.2
5395
12162.2
5400
12151.8
5405
12202
5410
12169
5415
12259
5420
12284.8
5425
12322
5430
12257.2
5435
12409.8
5440
12330.2
5445
12387.8
5450
12413.4
5455
12375.6
5460
12409.4
5465
12509.6
5470
12444.6
5475
12549.4
5480
12492.4
5485
12569.8
5490
12547
5495
12672.8
5500
12599.2
5505
12628.2
5510
12684.4
5515
12645.8
5520
12710.6
5525
12676
5530
12761.6
5535
12806.2
5540
12763
5545
12862.2
5550
12822
5555
12869.6
5560
12988
5565
12907.8
5570
12978.6
5575
12950
5580
12972.8
5585
12989.4
5590
12996.2
5595
13082.6
5600
13068.4
5605
13190
5610
13101.8
5615
13093.6
5620
13107
5625
13173.4
5630
13198.4
5635
13214.2
5640
13306.4
5645
13262.6
5650
13413.8
5655
13318.8
5660
13442.2
5665
13393.2
5670
13378.4
5675
13429.2
5680
13531.8
5685
13438
5690
13434.2
5695
13490
5700
13492.8
5705
13534.4
5710
13556.6
5715
13567.4
5720
13702.2
5725
13727.4
5730
13719
5735
13703.2
5740
13744.6
5745
13814
5750
13790.4
5755
13825.4
5760
13835.2
5765
13849.4
5770
13835.2
5775
13867.6
5780
13917.6
5785
13892.2
5790
13921
5795
13966.6
5800
14034.6
5805
14025.6
5810
14095
5815
14059.4
5820
14132.2
5825
14134.8
5830
14158.2
5835
14183.2
5840
14224.6
5845
14340
5850
14194
5855
14263.6
5860
14353.6
5865
14282
5870
14309.6
5875
14357
5880
14423.2
5885
14393
5890
14489.8
5895
14416
5900
14476.4
5905
14521.4
5910
14547.8
5915
14478.6
5920
14610.4
5925
14599.4
5930
14633.4
5935
14630.8
5940
14742.8
5945
14734.4
5950
14740
5955
14736.4
5960
14734
5965
14789
5970
14888
5975
14832
5980
14880.6
5985
14978.8
5990
14965.2
5995
14957.2
6000
15016.6
6005
14986.6
6010
15044.6
6015
15004.6
6020
15126.2
6025
15190.2
6030
15110.6
6035
15196.8
6040
15146.4
6045
15264.6
6050
15257.8
6055
15349
6060
15323.6
6065
15269.2
6070
15256.4
6075
15277.4
6080
15397
6085
15417
6090
15525.6
6095
15457.4
6100
15487.4
6105
15482.4
6110
15615
6115
15570.8
6120
15677
6125
15631
6130
15596.6
6135
15712.4
6140
15644.6
6145
15661
6150
15696.2
6155
15726.4
6160
15771.2
6165
15766.4
6170
15785.2
6175
15822.2
6180
15794
6185
15967
6190
15953
6195
16020.6
6200
16013.8
6205
16069.4
6210
16104.8
6215
16028.8
6220
16093.2
6225
16099.6
6230
16064
6235
16120.2
6240
16224.6
6245
16230.8
6250
16321.4
6255
16196.4
6260
16260.6
6265
16297.8
6270
16309.4
6275
16375.6
6280
16361
6285
16424.8
6290
16382.2
6295
16503.4
6300
16461.2
6305
16538.2
6310
16642.8
6315
16551.4
6320
16545.6
6325
16530
6330
16622.6
6335
16659.8
6340
16700.8
6345
16847
6350
16838
6355
16784.2
6360
16789.4
6365
16792.6
6370
16822.2
6375
16835.6
6380
16908.6
6385
16892.2
6390
16993.2
6395
16963
6400
17016
6405
17072.2
6410
17023.8
6415
17122
6420
17180.4
6425
17151.2
6430
17134.8
6435
17266.8
6440
17164.6
6445
17248
6450
17274.8
6455
17252.6
6460
17393.8
6465
17375.6
6470
17473.6
6475
17462.6
6480
17406.2
6485
17539.2
6490
17505
6495
17561.2
6500
17546.6
6505
17557.6
6510
17593.4
6515
17605
6520
17685.6
6525
17730.6
6530
17626
6535
17808.2
6540
17841.6
6545
17796.6
6550
17889.4
6555
17872.4
6560
17884.6
6565
17859.2
6570
17910.8
6575
18019.4
6580
17947.4
6585
18064.4
6590
18065
6595
18017.4
6600
18089.8
6605
18062
6610
18090.8
6615
18132
6620
18121.6
6625
18224
6630
18276.4
6635
18315
6640
18318.6
6645
18315.2
6650
18445
6655
18395.2
6660
18341.2
6665
18342.4
6670
18440.2
6675
18515.6
6680
18541.6
6685
18556.6
6690
18518.4
6695
18603.4
6700
18674
6705
18668.4
6710
18684.4
6715
18775.8
6720
18692.8
6725
18769.2
6730
18827
6735
18822.2
6740
18831.2
6745
18913.8
6750
18920.8
6755
18872.6
6760
18990.6
6765
19031.4
6770
18968.2
6775
19077.4
6780
19055
6785
19086.8
6790
19074.8
6795
19174.4
6800
19099.8
6805
19103.6
6810
19253.8
6815
19228.8
6820
19320.8
6825
19316
6830
19345.6
6835
19416
6840
19460.8
6845
19445.8
6850
19357.6
6855
19573.6
6860
19483.4
6865
19574.8
6870
19491.6
6875
19574.4
6880
19594
6885
19595.6
6890
19634.4
6895
19700
6900
19748.8
6905
19759.8
6910
19798.4
6915
19838.4
6920
19896.2
6925
19877.4
6930
19858
6935
19992.2
6940
19881
6945
19995.8
6950
19987.6
6955
19981.8
6960
20103.4
6965
20148.8
6970
20061.2
6975
20227.6
6980
20218.4
6985
20276.8
6990
20270.2
6995
20302.6
7000
20270.2
7005
20420.4
7010
20313.8
7015
20383.2
7020
20381.4
7025
20442.6
7030
20533
7035
20546.6
7040
20510
7045
20519.6
7050
20487.6
7055
20604.8
7060
20713.8
7065
20589.2
7070
20750.2
7075
20712
7080
20761.6
7085
20748.8
7090
20748.2
7095
20788.4
7100
20824.6
7105
20883.8
7110
20872.4
7115
20889.8
7120
20977.2
7125
21046.6
7130
20974.4
7135
21096
7140
21062.8
7145
21011.6
7150
21180.6
7155
21154.6
7160
21209.6
7165
21237.6
7170
21262.8
7175
21352.4
7180
21306.2
7185
21326.8
7190
21376.4
7195
21475.6
7200
21505.8
7205
21517.6
7210
21510
7215
21491.2
7220
21553.6
7225
21646.2
7230
21603.6
7235
21629.6
7240
21675.6
7245
21673.8
7250
21799.2
7255
21755.6
7260
21730
7265
21794.8
7270
21808.8
7275
21926
7280
21903.4
7285
21892.2
7290
22023.6
7295
21930.2
7300
21989.2
7305
22041.4
7310
22175.2
7315
22172
7320
22140.2
7325
22192.8
7330
22391.2
7335
22220.6
7340
22262.8
7345
22372.2
7350
22272.4
7355
22395.2
7360
22356
7365
22362.6
7370
22449.8
7375
22430.6
7380
22622.8
7385
22561.6
7390
22592.8
7395
22565.2
7400
22608.4
7405
22551.2
7410
22681.8
7415
22682
7420
22643.4
7425
22804.6
7430
22762.2
7435
22851.4
7440
22836
7445
22981.4
7450
22846.2
7455
22912.4
7460
23064.2
7465
23032
7470
23064.2
7475
23023.4
7480
23141.8
7485
23110.2
7490
23125.8
7495
23252.4
7500
23239.8
7505
23323
7510
23350.6
7515
23305.2
7520
23435.6
7525
23544.8
7530
23292
7535
23431.4
7540
23403.6
7545
23470.6
7550
23516.2
7555
23492
7560
23638.6
7565
23557.4
7570
23710.4
7575
23736.6
7580
23771.4
7585
23782.8
7590
24417.4
7595
23836.2
7600
23931
7605
23923.4
7610
23946.4
7615
23932.4
7620
24028.8
7625
23924.2
7630
24058.8
7635
24026.2
7640
24214.6
7645
24171
7650
24247.8
7655
24201.4
7660
24185
7665
24201.4
7670
24407.4
7675
24420.4
7680
24279.4
7685
24310
7690
24408.8
7695
24452
7700
24462.4
7705
24466.6
7710
24532.6
7715
24596
7720
24710.4
7725
24567.6
7730
24672.2
7735
24718.2
7740
24681.6
7745
24753.2
7750
24854.8
7755
24789.4
7760
24893.4
7765
24859
7770
24934.6
7775
25048.2
7780
25160.6
7785
25031
7790
25066.6
7795
25113
7800
25060
7805
25100.6
7810
25175.4
7815
25251.2
7820
25280.2
7825
25232.2
7830
25284.4
7835
25458.2
7840
25316.8
7845
25323.8
7850
25350.8
7855
25469.4
7860
25418
7865
25567.2
7870
25568.2
7875
25675
7880
25645.2
7885
25651.8
7890
25606.8
7895
25712
7900
25677.8
7905
25705.4
7910
25861.6
7915
25804
7920
25903.2
7925
25999
7930
26047.4
7935
25950
7940
26016.6
7945
25939
7950
25983.4
7955
26107.8
7960
26184.2
7965
26248.8
7970
26371.2
7975
26168
7980
26259.8
7985
26310.4
7990
26324.4
7995
26416.2
8000
26331.6
8005
26456.2
8010
26463.6
8015
26540
8020
26611.8
8025
26563.6
8030
26596.8
8035
26585.2
8040
26659.8
8045
26657
8050
26827.4
8055
26750.4
8060
26831.4
8065
26799.6
8070
26963.8
8075
26843.4
8080
27011
8085
26900.2
8090
26997.2
8095
27120.4
8100
27108
8105
27106.6
8110
27166.6
8115
27054.6
8120
27207
8125
27250.6
8130
27292
8135
27154.8
8140
27290.2
8145
27355.6
8150
27295.6
8155
27307.4
8160
27437.4
8165
27483.2
8170
27520.2
8175
27639.6
8180
27474.8
8185
27597.8
8190
27612
8195
27683
8200
27680.8
8205
27777.2
8210
27811.6
8215
27749.6
8220
27734.2
8225
27863.4
8230
27929.8
8235
27957.8
8240
27902
8245
27953.2
8250
27932.2
8255
28024
8260
28149.6
8265
28119
8270
28283
8275
28290.2
8280
28187.8
8285
28293.2
8290
28313.2
8295
28408.8
8300
28384
8305
28378.6
8310
28585.6
8315
28399.6
8320
28465.4
8325
28517.8
8330
28618
8335
28595.4
8340
28625.2
8345
28784.2
8350
28696.2
8355
28694.6
8360
28667.6
8365
28850.8
8370
28886.4
8375
28899.4
8380
28887
8385
29027.4
8390
28987.2
8395
29093.6
8400
29107.6
8405
29078.2
8410
29230.4
8415
29082.6
8420
29228.6
8425
29145.4
8430
29295.4
8435
29378.2
8440
29366.2
8445
29299.4
8450
29398.6
8455
29447.6
8460
29489.2
8465
29491.8
8470
29656.8
8475
29562.8
8480
29642.6
8485
29806.8
8490
29721.8
8495
29766.6
8500
29781.8
8505
29688
8510
29871.4
8515
29825
8520
29814
8525
29903.4
8530
29978.8
8535
30000.2
8540
30081.2
8545
30102
8550
30101.2
8555
30279.8
8560
30257.8
8565
30238.4
8570
30375.4
8575
30317.4
8580
30284
8585
30263.6
8590
30394.4
8595
30526.4
8600
30459.2
8605
30532
8610
30589.8
8615
30720.2
8620
30560.6
8625
30624.2
8630
30585.4
8635
30693.6
8640
30769.8
8645
30729.2
8650
30731.6
8655
30898.6
8660
30868.6
8665
30924.6
8670
30913.6
8675
30999.8
8680
30970.4
8685
31048.6
8690
31063.2
8695
31142.2
8700
31325
8705
31168.4
8710
31197.2
8715
31300.4
8720
31312.2
8725
31362.6
8730
31400.6
8735
31455
8740
31522.4
8745
31541.6
8750
31574
8755
31442
8760
31540.4
8765
31539.8
8770
31631.2
8775
31726.4
8780
31673.6
8785
31746
8790
31801.8
8795
31841.8
8800
31917.2
8805
31852.2
8810
31922.6
8815
31949.2
8820
32023.4
8825
31931.4
8830
32158.6
8835
32051.2
8840
32253.6
8845
32195.2
8850
32292.8
8855
32220.4
8860
32302
8865
32294
8870
32230.6
8875
32442.2
8880
33681
8885
32502.4
8890
32535.6
8895
32621
8900
32540
8905
32625.6
8910
32651.8
8915
32672
8920
32812.6
8925
32792.2
8930
32888.4
8935
32846.8
8940
32800.8
8945
32923
8950
32948.4
8955
32943
8960
32989.6
8965
32974
8970
33100.8
8975
33065.4
8980
33208.8
8985
33112.4
8990
33259.8
8995
33321.8
9000
33382.6
9005
33385.6
9010
33425.4
9015
33374.4
9020
33395.8
9025
33593
9030
33519.8
9035
33649.2
9040
33601.6
9045
33648.4
9050
33608
9055
33766.6
9060
33813.4
9065
33678
9070
33859.4
9075
33869.2
9080
33863.4
9085
33847.8
9090
33977.6
9095
33967.6
9100
33978
9105
34103
9110
34147.8
9115
34279.6
9120
34255.4
9125
34246
9130
34254.8
9135
34333.6
9140
34453.8
9145
34410.2
9150
34429.2
9155
34442.4
9160
34494.4
9165
34537.8
9170
34627.8
9175
34532.2
9180
34695.4
9185
34666.2
9190
34716.6
9195
34746
9200
34742.8
9205
34810.6
9210
34953.2
9215
34889.4
9220
35000.8
9225
34952.8
9230
35033.2
9235
35055.2
9240
35085
9245
35140.2
9250
35114.6
9255
35260.6
9260
35215.4
9265
35334
9270
35314.8
9275
35457
9280
35371.2
9285
35424.4
9290
35446.8
9295
35536.2
9300
35587.4
9305
35563.8
9310
35560.6
9315
35629.6
9320
35757.2
9325
35798.2
9330
35759.4
9335
35869.8
9340
35921.8
9345
35882.2
9350
35826.2
9355
36006.4
9360
36135.8
9365
36033.2
9370
35983.8
9375
36186.8
9380
36215
9385
36275.8
9390
36351.6
9395
36280
9400
36414.8
9405
36369
9410
36393.6
9415
36461.4
9420
36496.2
9425
36616.2
9430
36650.6
9435
36646.4
9440
36638
9445
36601.8
9450
36757.8
9455
36832.4
9460
36693.8
9465
36785.2
9470
36866.8
9475
36798.6
9480
36871.6
9485
36955.2
9490
36970.4
9495
36908.2
9500
37087.4
9505
37082.2
9510
37158
9515
37261.8
9520
37229.4
9525
37268.8
9530
37269.4
9535
37292.6
9540
37419.8
9545
37452.6
9550
37434.8
9555
37564.8
9560
37570.8
9565
37671.8
9570
37586.4
9575
37597.6
9580
37881
9585
37755.8
9590
37700
9595
37814
9600
37909.4
9605
37821.4
9610
38066.8
9615
38043.6
9620
38026.4
9625
38058.8
9630
38120.6
9635
38095.2
9640
38163.4
9645
38143.4
9650
38225.6
9655
38331
9660
38289
9665
38288.2
9670
38613.8
9675
38430.6
9680
38548.4
9685
38479.4
9690
38670
9695
38557.8
9700
38652.4
9705
38671
9710
38709.8
9715
38724.2
9720
38741
9725
38832
9730
38914
9735
38930.6
9740
38866.4
9745
38995.6
9750
39047.2
9755
39055.8
9760
39135.4
9765
39188.6
9770
39121.2
9775
39276.2
9780
39279.6
9785
39302.8
9790
39421.6
9795
39333
9800
39352.8
9805
39441.6
9810
39596.2
9815
39715.2
9820
39581.4
9825
39733.4
9830
39576
9835
39803.2
9840
39765.6
9845
39754
9850
39741.2
9855
39879.4
9860
39812
9865
39932.6
9870
39863.2
9875
40005.4
9880
40009.4
9885
40041.4
9890
40050.8
9895
40276.4
9900
40300.6
9905
40480.4
9910
40318.6
9915
40502
9920
40424.2
9925
40564.2
9930
40467.4
9935
40530.4
9940
40515.4
9945
40628.2
9950
40671
9955
40800.2
9960
40713.2
9965
40693.6
9970
40780
9975
40724.2
9980
40928.6
9985
40803.4
9990
40951
9995
40980.6
10000
41060.4
